<?xml version="1.0" encoding="utf-8"?>
<COLLADA xmlns="http://www.collada.org/2005/11/COLLADASchema" version="1.4.1">
  <asset><contributor><author></author><authoring_tool>FBX COLLADA exporter</authoring_tool><comments></comments></contributor><created>2019-02-07T17:55:37Z</created><keywords></keywords><modified>2019-02-07T17:55:37Z</modified><revision></revision><subject></subject><title></title><unit meter="0.010000" name="centimeter"></unit><up_axis>Y_UP</up_axis></asset>
  <library_animations>
    <animation id="root_jnt-anim" name="root_jnt"><animation><source id="root_jnt-Matrix-animation-input"><float_array id="root_jnt-Matrix-animation-input-array" count="19">

0.000000 0.033333 0.066667 0.100000 0.133333 0.166667 0.200000 0.233333 0.266667 0.300000 0.333333 0.366667 0.400000 0.433333 0.466667 0.500000
0.533333 0.566667 0.600000</float_array><technique_common><accessor source="#root_jnt-Matrix-animation-input-array" count="19"><param name="TIME" type="float"/></accessor></technique_common></source><source id="root_jnt-Matrix-animation-output-transform"><float_array id="root_jnt-Matrix-animation-output-transform-array" count="304">

1.000000 0.000000 0.000000 0.000000 0.000000 1.000000 0.000000 0.000000 0.000000 0.000000 1.000000 0.000000 0.000000 0.000000 0.000000 1.000000
1.000000 0.000000 0.000000 0.000000 0.000000 1.000000 0.000000 0.000000 0.000000 0.000000 1.000000 0.000000 0.000000 0.000000 0.000000 1.000000
1.000000 0.000000 0.000000 0.000000 0.000000 1.000000 0.000000 0.000000 0.000000 0.000000 1.000000 0.000000 0.000000 0.000000 0.000000 1.000000
1.000000 0.000000 0.000000 0.000000 0.000000 1.000000 0.000000 0.000000 0.000000 0.000000 1.000000 0.000000 0.000000 0.000000 0.000000 1.000000
1.000000 0.000000 0.000000 0.000000 0.000000 1.000000 0.000000 0.000000 0.000000 0.000000 1.000000 0.000000 0.000000 0.000000 0.000000 1.000000
1.000000 0.000000 0.000000 0.000000 0.000000 1.000000 0.000000 0.000000 0.000000 0.000000 1.000000 0.000000 0.000000 0.000000 0.000000 1.000000
1.000000 0.000000 0.000000 0.000000 0.000000 1.000000 0.000000 0.000000 0.000000 0.000000 1.000000 0.000000 0.000000 0.000000 0.000000 1.000000
1.000000 0.000000 0.000000 0.000000 0.000000 1.000000 0.000000 0.000000 0.000000 0.000000 1.000000 0.000000 0.000000 0.000000 0.000000 1.000000
1.000000 0.000000 0.000000 0.000000 0.000000 1.000000 0.000000 0.000000 0.000000 0.000000 1.000000 0.000000 0.000000 0.000000 0.000000 1.000000
1.000000 0.000000 0.000000 0.000000 0.000000 1.000000 0.000000 0.000000 0.000000 0.000000 1.000000 0.000000 0.000000 0.000000 0.000000 1.000000
1.000000 0.000000 0.000000 0.000000 0.000000 1.000000 0.000000 0.000000 0.000000 0.000000 1.000000 0.000000 0.000000 0.000000 0.000000 1.000000
1.000000 0.000000 0.000000 0.000000 0.000000 1.000000 0.000000 0.000000 0.000000 0.000000 1.000000 0.000000 0.000000 0.000000 0.000000 1.000000
1.000000 0.000000 0.000000 0.000000 0.000000 1.000000 0.000000 0.000000 0.000000 0.000000 1.000000 0.000000 0.000000 0.000000 0.000000 1.000000
1.000000 0.000000 0.000000 0.000000 0.000000 1.000000 0.000000 0.000000 0.000000 0.000000 1.000000 0.000000 0.000000 0.000000 0.000000 1.000000
1.000000 0.000000 0.000000 0.000000 0.000000 1.000000 0.000000 0.000000 0.000000 0.000000 1.000000 0.000000 0.000000 0.000000 0.000000 1.000000
1.000000 0.000000 0.000000 0.000000 0.000000 1.000000 0.000000 0.000000 0.000000 0.000000 1.000000 0.000000 0.000000 0.000000 0.000000 1.000000
1.000000 0.000000 0.000000 0.000000 0.000000 1.000000 0.000000 0.000000 0.000000 0.000000 1.000000 0.000000 0.000000 0.000000 0.000000 1.000000
1.000000 0.000000 0.000000 0.000000 0.000000 1.000000 0.000000 0.000000 0.000000 0.000000 1.000000 0.000000 0.000000 0.000000 0.000000 1.000000
1.000000 0.000000 0.000000 0.000000 0.000000 1.000000 0.000000 0.000000 0.000000 0.000000 1.000000 0.000000 0.000000 0.000000 0.000000 1.000000</float_array><technique_common><accessor source="#root_jnt-Matrix-animation-output-transform-array" count="19" stride="16"><param type="float4x4"/></accessor></technique_common></source><source id="root_jnt-Interpolations"><Name_array id="root_jnt-Interpolations-array" count="19">
 LINEAR LINEAR LINEAR LINEAR LINEAR LINEAR LINEAR LINEAR LINEAR LINEAR LINEAR
LINEAR LINEAR LINEAR LINEAR LINEAR LINEAR LINEAR LINEAR</Name_array><technique_common><accessor source="#root_jnt-Interpolations-array" count="19"><param type="name"/></accessor></technique_common></source><sampler id="root_jnt-Matrix-animation-transform"><input semantic="INPUT" source="#root_jnt-Matrix-animation-input"/><input semantic="OUTPUT" source="#root_jnt-Matrix-animation-output-transform"/><input semantic="INTERPOLATION" source="#root_jnt-Interpolations"/></sampler><channel source="#root_jnt-Matrix-animation-transform" target="root_jnt/matrix"/></animation></animation>
    <animation id="jnt_hips-anim" name="jnt_hips"><animation><source id="jnt_hips-Matrix-animation-input"><float_array id="jnt_hips-Matrix-animation-input-array" count="19">

0.000000 0.033333 0.066667 0.100000 0.133333 0.166667 0.200000 0.233333 0.266667 0.300000 0.333333 0.366667 0.400000 0.433333 0.466667 0.500000
0.533333 0.566667 0.600000</float_array><technique_common><accessor source="#jnt_hips-Matrix-animation-input-array" count="19"><param name="TIME" type="float"/></accessor></technique_common></source><source id="jnt_hips-Matrix-animation-output-transform"><float_array id="jnt_hips-Matrix-animation-output-transform-array" count="304">

1.000000 0.000000 0.000000 0.000000 0.000000 1.000000 0.000000 6.462379 0.000000 0.000000 1.000000 -0.094053 0.000000 0.000000 0.000000 1.000000
1.000000 0.000000 0.000000 0.000000 0.000000 1.000000 0.000000 6.462379 0.000000 0.000000 1.000000 -0.094053 0.000000 0.000000 0.000000 1.000000
1.000000 0.000000 0.000000 0.000000 0.000000 1.000000 0.000000 6.462379 0.000000 0.000000 1.000000 -0.094053 0.000000 0.000000 0.000000 1.000000
1.000000 0.000000 0.000000 0.000000 0.000000 1.000000 0.000000 6.462379 0.000000 0.000000 1.000000 -0.094053 0.000000 0.000000 0.000000 1.000000
1.000000 0.000000 0.000000 0.000000 0.000000 1.000000 0.000000 6.462379 0.000000 0.000000 1.000000 -0.094053 0.000000 0.000000 0.000000 1.000000
1.000000 0.000000 0.000000 0.000000 0.000000 1.000000 0.000000 6.462379 0.000000 0.000000 1.000000 -0.094053 0.000000 0.000000 0.000000 1.000000
1.000000 0.000000 0.000000 0.000000 0.000000 1.000000 0.000000 6.462379 0.000000 0.000000 1.000000 -0.094053 0.000000 0.000000 0.000000 1.000000
1.000000 0.000000 0.000000 0.000000 0.000000 1.000000 0.000000 6.462379 0.000000 0.000000 1.000000 -0.094053 0.000000 0.000000 0.000000 1.000000
1.000000 0.000000 0.000000 0.000000 0.000000 1.000000 0.000000 6.462379 0.000000 0.000000 1.000000 -0.094053 0.000000 0.000000 0.000000 1.000000
1.000000 0.000000 0.000000 0.000000 0.000000 1.000000 0.000000 6.462379 0.000000 0.000000 1.000000 -0.094053 0.000000 0.000000 0.000000 1.000000
1.000000 0.000000 0.000000 0.000000 0.000000 1.000000 0.000000 6.462379 0.000000 0.000000 1.000000 -0.094053 0.000000 0.000000 0.000000 1.000000
1.000000 0.000000 0.000000 0.000000 0.000000 1.000000 0.000000 6.462379 0.000000 0.000000 1.000000 -0.094053 0.000000 0.000000 0.000000 1.000000
1.000000 0.000000 0.000000 0.000000 0.000000 1.000000 0.000000 6.462379 0.000000 0.000000 1.000000 -0.094053 0.000000 0.000000 0.000000 1.000000
1.000000 0.000000 0.000000 0.000000 0.000000 1.000000 0.000000 6.462379 0.000000 0.000000 1.000000 -0.094053 0.000000 0.000000 0.000000 1.000000
1.000000 0.000000 0.000000 0.000000 0.000000 1.000000 0.000000 6.462379 0.000000 0.000000 1.000000 -0.094053 0.000000 0.000000 0.000000 1.000000
1.000000 0.000000 0.000000 0.000000 0.000000 1.000000 0.000000 6.462379 0.000000 0.000000 1.000000 -0.094053 0.000000 0.000000 0.000000 1.000000
1.000000 0.000000 0.000000 0.000000 0.000000 1.000000 0.000000 6.462379 0.000000 0.000000 1.000000 -0.094053 0.000000 0.000000 0.000000 1.000000
1.000000 0.000000 0.000000 0.000000 0.000000 1.000000 0.000000 6.462379 0.000000 0.000000 1.000000 -0.094053 0.000000 0.000000 0.000000 1.000000
1.000000 0.000000 0.000000 0.000000 0.000000 1.000000 0.000000 6.462379 0.000000 0.000000 1.000000 -0.094053 0.000000 0.000000 0.000000 1.000000</float_array><technique_common><accessor source="#jnt_hips-Matrix-animation-output-transform-array" count="19" stride="16"><param type="float4x4"/></accessor></technique_common></source><source id="jnt_hips-Interpolations"><Name_array id="jnt_hips-Interpolations-array" count="19">
 LINEAR LINEAR LINEAR LINEAR LINEAR LINEAR LINEAR LINEAR LINEAR LINEAR LINEAR
LINEAR LINEAR LINEAR LINEAR LINEAR LINEAR LINEAR LINEAR</Name_array><technique_common><accessor source="#jnt_hips-Interpolations-array" count="19"><param type="name"/></accessor></technique_common></source><sampler id="jnt_hips-Matrix-animation-transform"><input semantic="INPUT" source="#jnt_hips-Matrix-animation-input"/><input semantic="OUTPUT" source="#jnt_hips-Matrix-animation-output-transform"/><input semantic="INTERPOLATION" source="#jnt_hips-Interpolations"/></sampler><channel source="#jnt_hips-Matrix-animation-transform" target="jnt_hips/matrix"/></animation></animation>
    <animation id="jnt_pelvis-anim" name="jnt_pelvis"><animation><source id="jnt_pelvis-Matrix-animation-input"><float_array id="jnt_pelvis-Matrix-animation-input-array" count="19">

0.000000 0.033333 0.066667 0.100000 0.133333 0.166667 0.200000 0.233333 0.266667 0.300000 0.333333 0.366667 0.400000 0.433333 0.466667 0.500000
0.533333 0.566667 0.600000</float_array><technique_common><accessor source="#jnt_pelvis-Matrix-animation-input-array" count="19"><param name="TIME" type="float"/></accessor></technique_common></source><source id="jnt_pelvis-Matrix-animation-output-transform"><float_array id="jnt_pelvis-Matrix-animation-output-transform-array" count="304">

1.000000 0.000003 0.000000 0.025752 -0.000003 1.000000 0.000000 -0.362228 0.000000 0.000000 1.000000 -0.213015 0.000000 0.000000 0.000000 1.000000
1.000000 0.000003 0.000000 0.025752 -0.000003 1.000000 0.000000 -0.362228 0.000000 0.000000 1.000000 -0.213015 0.000000 0.000000 0.000000 1.000000
1.000000 0.000003 0.000000 0.025752 -0.000003 1.000000 0.000000 -0.362228 0.000000 0.000000 1.000000 -0.213015 0.000000 0.000000 0.000000 1.000000
1.000000 0.000003 0.000000 0.025752 -0.000003 1.000000 0.000000 -0.362228 0.000000 0.000000 1.000000 -0.213015 0.000000 0.000000 0.000000 1.000000
1.000000 0.000003 0.000000 0.025752 -0.000003 1.000000 0.000000 -0.362228 0.000000 0.000000 1.000000 -0.213015 0.000000 0.000000 0.000000 1.000000
1.000000 0.000003 0.000000 0.025752 -0.000003 1.000000 0.000000 -0.362228 0.000000 0.000000 1.000000 -0.213015 0.000000 0.000000 0.000000 1.000000
1.000000 0.000003 0.000000 0.025752 -0.000003 1.000000 0.000000 -0.362228 0.000000 0.000000 1.000000 -0.213015 0.000000 0.000000 0.000000 1.000000
1.000000 0.000003 0.000000 0.025752 -0.000003 1.000000 0.000000 -0.362228 0.000000 0.000000 1.000000 -0.213015 0.000000 0.000000 0.000000 1.000000
1.000000 0.000003 0.000000 0.025752 -0.000003 1.000000 0.000000 -0.362228 0.000000 0.000000 1.000000 -0.213015 0.000000 0.000000 0.000000 1.000000
1.000000 0.000003 0.000000 0.025752 -0.000003 1.000000 0.000000 -0.362228 0.000000 0.000000 1.000000 -0.213015 0.000000 0.000000 0.000000 1.000000
1.000000 0.000003 0.000000 0.025752 -0.000003 1.000000 0.000000 -0.362228 0.000000 0.000000 1.000000 -0.213015 0.000000 0.000000 0.000000 1.000000
1.000000 0.000003 0.000000 0.025752 -0.000003 1.000000 0.000000 -0.362228 0.000000 0.000000 1.000000 -0.213015 0.000000 0.000000 0.000000 1.000000
1.000000 0.000003 0.000000 0.025752 -0.000003 1.000000 0.000000 -0.362228 0.000000 0.000000 1.000000 -0.213015 0.000000 0.000000 0.000000 1.000000
1.000000 0.000003 0.000000 0.025752 -0.000003 1.000000 0.000000 -0.362228 0.000000 0.000000 1.000000 -0.213015 0.000000 0.000000 0.000000 1.000000
1.000000 0.000003 0.000000 0.025752 -0.000003 1.000000 0.000000 -0.362228 0.000000 0.000000 1.000000 -0.213015 0.000000 0.000000 0.000000 1.000000
1.000000 0.000003 0.000000 0.025752 -0.000003 1.000000 0.000000 -0.362228 0.000000 0.000000 1.000000 -0.213015 0.000000 0.000000 0.000000 1.000000
1.000000 0.000003 0.000000 0.025752 -0.000003 1.000000 0.000000 -0.362228 0.000000 0.000000 1.000000 -0.213015 0.000000 0.000000 0.000000 1.000000
1.000000 0.000003 0.000000 0.025752 -0.000003 1.000000 0.000000 -0.362228 0.000000 0.000000 1.000000 -0.213015 0.000000 0.000000 0.000000 1.000000
1.000000 0.000003 0.000000 0.025752 -0.000003 1.000000 0.000000 -0.362228 0.000000 0.000000 1.000000 -0.213015 0.000000 0.000000 0.000000 1.000000</float_array><technique_common><accessor source="#jnt_pelvis-Matrix-animation-output-transform-array" count="19" stride="16"><param type="float4x4"/></accessor></technique_common></source><source id="jnt_pelvis-Interpolations"><Name_array id="jnt_pelvis-Interpolations-array" count="19">
 LINEAR LINEAR LINEAR LINEAR LINEAR LINEAR LINEAR LINEAR LINEAR LINEAR LINEAR
LINEAR LINEAR LINEAR LINEAR LINEAR LINEAR LINEAR LINEAR</Name_array><technique_common><accessor source="#jnt_pelvis-Interpolations-array" count="19"><param type="name"/></accessor></technique_common></source><sampler id="jnt_pelvis-Matrix-animation-transform"><input semantic="INPUT" source="#jnt_pelvis-Matrix-animation-input"/><input semantic="OUTPUT" source="#jnt_pelvis-Matrix-animation-output-transform"/><input semantic="INTERPOLATION" source="#jnt_pelvis-Interpolations"/></sampler><channel source="#jnt_pelvis-Matrix-animation-transform" target="jnt_pelvis/matrix"/></animation></animation>
    <animation id="jnt_left_leg1-anim" name="jnt_left_leg1"><animation><source id="jnt_left_leg1-Matrix-animation-input"><float_array id="jnt_left_leg1-Matrix-animation-input-array" count="19">

0.000000 0.033333 0.066667 0.100000 0.133333 0.166667 0.200000 0.233333 0.266667 0.300000 0.333333 0.366667 0.400000 0.433333 0.466667 0.500000
0.533333 0.566667 0.600000</float_array><technique_common><accessor source="#jnt_left_leg1-Matrix-animation-input-array" count="19"><param name="TIME" type="float"/></accessor></technique_common></source><source id="jnt_left_leg1-Matrix-animation-output-transform"><float_array id="jnt_left_leg1-Matrix-animation-output-transform-array" count="304">

0.940225 0.328674 -0.089165 0.500157 -0.326618 0.944426 0.037159 -0.457422 0.096423 -0.005815 0.995323 0.000000 0.000000 0.000000 0.000000 1.000000
0.937453 0.336622 -0.088694 0.500157 -0.334581 0.941624 0.037403 -0.457422 0.096108 -0.005388 0.995356 0.000000 0.000000 0.000000 0.000000 1.000000
0.930095 0.356751 -0.087473 0.500157 -0.354748 0.934189 0.038002 -0.457422 0.095274 -0.004314 0.995442 0.000000 0.000000 0.000000 0.000000 1.000000
0.919590 0.383400 -0.085790 0.500157 -0.381448 0.923578 0.038746 -0.457422 0.094088 -0.002906 0.995560 0.000000 0.000000 0.000000 0.000000 1.000000
0.907640 0.411271 -0.083945 0.500157 -0.409376 0.911512 0.039462 -0.457422 0.092747 -0.001452 0.995689 0.000000 0.000000 0.000000 0.000000 1.000000
0.896288 0.435779 -0.082251 0.500157 -0.433936 0.900054 0.040036 -0.457422 0.091477 -0.000192 0.995807 0.000000 0.000000 0.000000 0.000000 1.000000
0.887794 0.453055 -0.081015 0.500157 -0.451250 0.891482 0.040407 -0.457422 0.090530 0.000685 0.995894 0.000000 0.000000 0.000000 0.000000 1.000000
0.884463 0.459608 -0.080536 0.500157 -0.457818 0.888121 0.040540 -0.457422 0.090159 0.001015 0.995927 0.000000 0.000000 0.000000 0.000000 1.000000
0.892352 0.443889 -0.081675 0.500157 -0.442064 0.896082 0.040213 -0.457422 0.091038 0.000221 0.995847 0.000000 0.000000 0.000000 0.000000 1.000000
0.911483 0.402558 -0.084531 0.500157 -0.400645 0.915392 0.039245 -0.457422 0.093177 -0.001904 0.995648 0.000000 0.000000 0.000000 0.000000 1.000000
0.934640 0.344478 -0.088223 0.500157 -0.342451 0.938781 0.037640 -0.457422 0.095788 -0.004968 0.995389 0.000000 0.000000 0.000000 0.000000 1.000000
0.955127 0.281607 -0.091817 0.500157 -0.279470 0.959493 0.035621 -0.457422 0.098129 -0.008362 0.995139 0.000000 0.000000 0.000000 0.000000 1.000000
0.968548 0.230201 -0.094457 0.500157 -0.227984 0.973079 0.033776 -0.457422 0.099690 -0.011179 0.994956 0.000000 0.000000 0.000000 0.000000 1.000000
0.973253 0.208960 -0.095472 0.500157 -0.206712 0.977846 0.032968 -0.457422 0.100246 -0.012351 0.994886 0.000000 0.000000 0.000000 0.000000 1.000000
0.970409 0.222059 -0.094852 0.500157 -0.219830 0.974964 0.033470 -0.457422 0.099909 -0.011628 0.994929 0.000000 0.000000 0.000000 0.000000 1.000000
0.963027 0.252721 -0.093333 0.500157 -0.250538 0.967488 0.034604 -0.457422 0.099044 -0.009941 0.995033 0.000000 0.000000 0.000000 0.000000 1.000000
0.953195 0.288192 -0.091459 0.500157 -0.286066 0.957539 0.035845 -0.457422 0.097906 -0.008004 0.995163 0.000000 0.000000 0.000000 0.000000 1.000000
0.944190 0.316911 -0.089849 0.500157 -0.314835 0.948433 0.036789 -0.457422 0.096874 -0.006448 0.995276 0.000000 0.000000 0.000000 0.000000 1.000000
0.940225 0.328674 -0.089165 0.500157 -0.326618 0.944426 0.037159 -0.457422 0.096423 -0.005815 0.995323 0.000000 0.000000 0.000000 0.000000 1.000000</float_array><technique_common><accessor source="#jnt_left_leg1-Matrix-animation-output-transform-array" count="19" stride="16"><param type="float4x4"/></accessor></technique_common></source><source id="jnt_left_leg1-Interpolations"><Name_array id="jnt_left_leg1-Interpolations-array" count="19">
 LINEAR LINEAR LINEAR LINEAR LINEAR LINEAR LINEAR LINEAR LINEAR LINEAR LINEAR
LINEAR LINEAR LINEAR LINEAR LINEAR LINEAR LINEAR LINEAR</Name_array><technique_common><accessor source="#jnt_left_leg1-Interpolations-array" count="19"><param type="name"/></accessor></technique_common></source><sampler id="jnt_left_leg1-Matrix-animation-transform"><input semantic="INPUT" source="#jnt_left_leg1-Matrix-animation-input"/><input semantic="OUTPUT" source="#jnt_left_leg1-Matrix-animation-output-transform"/><input semantic="INTERPOLATION" source="#jnt_left_leg1-Interpolations"/></sampler><channel source="#jnt_left_leg1-Matrix-animation-transform" target="jnt_left_leg1/matrix"/></animation></animation>
    <animation id="jnt_left_leg2-anim" name="jnt_left_leg2"><animation><source id="jnt_left_leg2-Matrix-animation-input"><float_array id="jnt_left_leg2-Matrix-animation-input-array" count="19">

0.000000 0.033333 0.066667 0.100000 0.133333 0.166667 0.200000 0.233333 0.266667 0.300000 0.333333 0.366667 0.400000 0.433333 0.466667 0.500000
0.533333 0.566667 0.600000</float_array><technique_common><accessor source="#jnt_left_leg2-Matrix-animation-input-array" count="19"><param name="TIME" type="float"/></accessor></technique_common></source><source id="jnt_left_leg2-Matrix-animation-output-transform"><float_array id="jnt_left_leg2-Matrix-animation-output-transform-array" count="304">

1.000000 -0.000000 -0.000000 0.572971 -0.000000 1.000000 0.000000 0.016592 0.000000 -0.000000 1.000000 -0.000000 0.000000 0.000000 0.000000 1.000000
1.000000 -0.000000 0.000000 0.572971 0.000000 1.000000 -0.000000 0.016592 -0.000000 0.000000 1.000000 -0.000000 0.000000 0.000000 0.000000 1.000000
1.000000 -0.000000 -0.000000 0.572971 0.000000 1.000000 -0.000000 0.016592 0.000000 0.000000 1.000000 -0.000000 0.000000 0.000000 0.000000 1.000000
1.000000 -0.000000 0.000000 0.572971 -0.000000 1.000000 0.000000 0.016592 -0.000000 -0.000000 1.000000 -0.000000 0.000000 0.000000 0.000000 1.000000
1.000000 -0.000000 0.000000 0.572971 -0.000000 1.000000 -0.000000 0.016592 0.000000 0.000000 1.000000 -0.000000 0.000000 0.000000 0.000000 1.000000
1.000000 0.000000 -0.000000 0.572971 0.000000 1.000000 0.000000 0.016592 0.000000 0.000000 1.000000 -0.000000 0.000000 0.000000 0.000000 1.000000
1.000000 -0.000000 -0.000000 0.572971 -0.000000 1.000000 -0.000000 0.016592 -0.000000 -0.000000 1.000000 -0.000000 0.000000 0.000000 0.000000 1.000000
1.000000 0.000000 -0.000000 0.572971 -0.000000 1.000000 -0.000000 0.016592 0.000000 0.000000 1.000000 -0.000000 0.000000 0.000000 0.000000 1.000000
1.000000 -0.000000 -0.000000 0.572971 -0.000000 1.000000 0.000000 0.016592 0.000000 0.000000 1.000000 -0.000000 0.000000 0.000000 0.000000 1.000000
1.000000 -0.000000 -0.000000 0.572971 -0.000000 1.000000 -0.000000 0.016592 0.000000 -0.000000 1.000000 -0.000000 0.000000 0.000000 0.000000 1.000000
1.000000 -0.000000 0.000000 0.572971 0.000000 1.000000 -0.000000 0.016592 0.000000 -0.000000 1.000000 -0.000000 0.000000 0.000000 0.000000 1.000000
1.000000 -0.000000 0.000000 0.572971 0.000000 1.000000 0.000000 0.016592 0.000000 0.000000 1.000000 -0.000000 0.000000 0.000000 0.000000 1.000000
1.000000 0.000000 -0.000000 0.572971 -0.000000 1.000000 0.000000 0.016592 -0.000000 0.000000 1.000000 -0.000000 0.000000 0.000000 0.000000 1.000000
1.000000 0.000000 -0.000000 0.572971 0.000000 1.000000 -0.000000 0.016592 0.000000 0.000000 1.000000 -0.000000 0.000000 0.000000 0.000000 1.000000
1.000000 -0.000000 0.000000 0.572971 -0.000000 1.000000 0.000000 0.016592 -0.000000 -0.000000 1.000000 -0.000000 0.000000 0.000000 0.000000 1.000000
1.000000 -0.000000 0.000000 0.572971 0.000000 1.000000 0.000000 0.016592 0.000000 -0.000000 1.000000 -0.000000 0.000000 0.000000 0.000000 1.000000
1.000000 0.000000 0.000000 0.572971 0.000000 1.000000 0.000000 0.016592 0.000000 0.000000 1.000000 -0.000000 0.000000 0.000000 0.000000 1.000000
1.000000 -0.000000 0.000000 0.572971 -0.000000 1.000000 0.000000 0.016592 0.000000 0.000000 1.000000 -0.000000 0.000000 0.000000 0.000000 1.000000
1.000000 -0.000000 -0.000000 0.572971 -0.000000 1.000000 0.000000 0.016592 0.000000 -0.000000 1.000000 -0.000000 0.000000 0.000000 0.000000 1.000000</float_array><technique_common><accessor source="#jnt_left_leg2-Matrix-animation-output-transform-array" count="19" stride="16"><param type="float4x4"/></accessor></technique_common></source><source id="jnt_left_leg2-Interpolations"><Name_array id="jnt_left_leg2-Interpolations-array" count="19">
 LINEAR LINEAR LINEAR LINEAR LINEAR LINEAR LINEAR LINEAR LINEAR LINEAR LINEAR
LINEAR LINEAR LINEAR LINEAR LINEAR LINEAR LINEAR LINEAR</Name_array><technique_common><accessor source="#jnt_left_leg2-Interpolations-array" count="19"><param type="name"/></accessor></technique_common></source><sampler id="jnt_left_leg2-Matrix-animation-transform"><input semantic="INPUT" source="#jnt_left_leg2-Matrix-animation-input"/><input semantic="OUTPUT" source="#jnt_left_leg2-Matrix-animation-output-transform"/><input semantic="INTERPOLATION" source="#jnt_left_leg2-Interpolations"/></sampler><channel source="#jnt_left_leg2-Matrix-animation-transform" target="jnt_left_leg2/matrix"/></animation></animation>
    <animation id="jnt_left_leg3-anim" name="jnt_left_leg3"><animation><source id="jnt_left_leg3-Matrix-animation-input"><float_array id="jnt_left_leg3-Matrix-animation-input-array" count="19">

0.000000 0.033333 0.066667 0.100000 0.133333 0.166667 0.200000 0.233333 0.266667 0.300000 0.333333 0.366667 0.400000 0.433333 0.466667 0.500000
0.533333 0.566667 0.600000</float_array><technique_common><accessor source="#jnt_left_leg3-Matrix-animation-input-array" count="19"><param name="TIME" type="float"/></accessor></technique_common></source><source id="jnt_left_leg3-Matrix-animation-output-transform"><float_array id="jnt_left_leg3-Matrix-animation-output-transform-array" count="304">

0.995333 0.003828 0.096423 1.109408 -0.003283 0.999978 -0.005815 -0.115050 -0.096443 0.005471 0.995323 0.000000 0.000000 0.000000 0.000000 1.000000
0.995360 -0.004604 0.096108 1.109408 0.005145 0.999972 -0.005388 -0.115050 -0.096080 0.005858 0.995356 -0.000000 0.000000 0.000000 0.000000 1.000000
0.995110 -0.026069 0.095274 1.109408 0.026601 0.999637 -0.004314 -0.115050 -0.095126 0.006827 0.995442 -0.000000 0.000000 0.000000 0.000000 1.000000
0.994058 -0.054742 0.094088 1.109408 0.055260 0.998468 -0.002906 -0.115050 -0.093785 0.008088 0.995560 -0.000000 0.000000 0.000000 0.000000 1.000000
0.992050 -0.085053 0.092747 1.109408 0.085556 0.996332 -0.001452 -0.115050 -0.092283 0.009375 0.995689 -0.000000 0.000000 0.000000 0.000000 1.000000
0.989490 -0.111988 0.091477 1.109408 0.112477 0.993654 -0.000192 -0.115050 -0.090875 0.010479 0.995807 -0.000000 0.000000 0.000000 0.000000 1.000000
0.987222 -0.131140 0.090530 1.109408 0.131619 0.991300 0.000685 -0.115050 -0.089832 0.011239 0.995894 0.000000 0.000000 0.000000 0.000000 1.000000
0.986258 -0.138441 0.090159 1.109408 0.138916 0.990304 0.001015 -0.115050 -0.089425 0.011524 0.995927 -0.000000 0.000000 0.000000 0.000000 1.000000
0.988474 -0.120961 0.091038 1.109408 0.121446 0.992598 0.000221 -0.115050 -0.090391 0.010838 0.995847 -0.000000 0.000000 0.000000 0.000000 1.000000
0.992780 -0.075542 0.093177 1.109408 0.076049 0.997102 -0.001904 -0.115050 -0.092764 0.008977 0.995648 -0.000000 0.000000 0.000000 0.000000 1.000000
0.995317 -0.012961 0.095788 1.109408 0.013499 0.999897 -0.004968 -0.115050 -0.095714 0.006238 0.995389 0.000000 0.000000 0.000000 0.000000 1.000000
0.993748 0.053250 0.098129 1.109408 -0.052683 0.998576 -0.008362 -0.115050 -0.098434 0.003140 0.995139 -0.000000 0.000000 0.000000 0.000000 1.000000
0.989327 0.106273 0.099690 1.109408 -0.105684 0.994337 -0.011179 -0.115050 -0.100313 0.000524 0.994956 -0.000000 0.000000 0.000000 0.000000 1.000000
0.986708 0.127900 0.100246 1.109408 -0.127304 0.991787 -0.012351 -0.115050 -0.101003 -0.000575 0.994886 -0.000000 0.000000 0.000000 0.000000 1.000000
0.988377 0.114582 0.099909 1.109408 -0.113991 0.993414 -0.011628 -0.115050 -0.100584 0.000104 0.994929 -0.000000 0.000000 0.000000 0.000000 1.000000
0.991602 0.083164 0.099044 1.109408 -0.082585 0.996534 -0.009941 -0.115050 -0.099527 0.001678 0.995033 -0.000000 0.000000 0.000000 0.000000 1.000000
0.994114 0.046386 0.097906 1.109408 -0.045822 0.998918 -0.008004 -0.115050 -0.098171 0.003470 0.995163 -0.000000 0.000000 0.000000 0.000000 1.000000
0.995164 0.016259 0.096874 1.109408 -0.015708 0.999856 -0.006448 -0.115050 -0.096965 0.004895 0.995276 -0.000000 0.000000 0.000000 0.000000 1.000000
0.995333 0.003828 0.096423 1.109408 -0.003283 0.999978 -0.005815 -0.115050 -0.096443 0.005471 0.995323 0.000000 0.000000 0.000000 0.000000 1.000000</float_array><technique_common><accessor source="#jnt_left_leg3-Matrix-animation-output-transform-array" count="19" stride="16"><param type="float4x4"/></accessor></technique_common></source><source id="jnt_left_leg3-Interpolations"><Name_array id="jnt_left_leg3-Interpolations-array" count="19">
 LINEAR LINEAR LINEAR LINEAR LINEAR LINEAR LINEAR LINEAR LINEAR LINEAR LINEAR
LINEAR LINEAR LINEAR LINEAR LINEAR LINEAR LINEAR LINEAR</Name_array><technique_common><accessor source="#jnt_left_leg3-Interpolations-array" count="19"><param type="name"/></accessor></technique_common></source><sampler id="jnt_left_leg3-Matrix-animation-transform"><input semantic="INPUT" source="#jnt_left_leg3-Matrix-animation-input"/><input semantic="OUTPUT" source="#jnt_left_leg3-Matrix-animation-output-transform"/><input semantic="INTERPOLATION" source="#jnt_left_leg3-Interpolations"/></sampler><channel source="#jnt_left_leg3-Matrix-animation-transform" target="jnt_left_leg3/matrix"/></animation></animation>
    <animation id="jnt_left_truster1-anim" name="jnt_left_truster1"><animation><source id="jnt_left_truster1-Matrix-animation-input"><float_array id="jnt_left_truster1-Matrix-animation-input-array" count="19">

0.000000 0.033333 0.066667 0.100000 0.133333 0.166667 0.200000 0.233333 0.266667 0.300000 0.333333 0.366667 0.400000 0.433333 0.466667 0.500000
0.533333 0.566667 0.600000</float_array><technique_common><accessor source="#jnt_left_truster1-Matrix-animation-input-array" count="19"><param name="TIME" type="float"/></accessor></technique_common></source><source id="jnt_left_truster1-Matrix-animation-output-transform"><float_array id="jnt_left_truster1-Matrix-animation-output-transform-array" count="304">

0.911403 0.411514 0.000000 0.942482 -0.411514 0.911403 -0.000000 0.339466 0.000000 -0.000000 1.000000 0.000187 0.000000 0.000000 0.000000 1.000000
0.911403 0.411514 -0.000000 0.942482 -0.411514 0.911403 0.000000 0.339466 0.000000 -0.000000 1.000000 0.000187 0.000000 0.000000 0.000000 1.000000
0.911403 0.411514 0.000000 0.942482 -0.411514 0.911403 -0.000000 0.339466 0.000000 0.000000 1.000000 0.000187 0.000000 0.000000 0.000000 1.000000
0.911403 0.411514 0.000000 0.942482 -0.411514 0.911403 -0.000000 0.339466 -0.000000 -0.000000 1.000000 0.000187 0.000000 0.000000 0.000000 1.000000
0.911403 0.411514 0.000000 0.942482 -0.411514 0.911403 -0.000000 0.339466 -0.000000 0.000000 1.000000 0.000187 0.000000 0.000000 0.000000 1.000000
0.911403 0.411514 0.000000 0.942482 -0.411514 0.911403 0.000000 0.339466 0.000000 0.000000 1.000000 0.000187 0.000000 0.000000 0.000000 1.000000
0.911403 0.411514 -0.000000 0.942482 -0.411514 0.911403 -0.000000 0.339466 -0.000000 -0.000000 1.000000 0.000187 0.000000 0.000000 0.000000 1.000000
0.911403 0.411514 0.000000 0.942482 -0.411514 0.911403 0.000000 0.339466 0.000000 -0.000000 1.000000 0.000187 0.000000 0.000000 0.000000 1.000000
0.911403 0.411514 0.000000 0.942482 -0.411514 0.911403 0.000000 0.339466 -0.000000 -0.000000 1.000000 0.000187 0.000000 0.000000 0.000000 1.000000
0.911403 0.411514 0.000000 0.942482 -0.411514 0.911403 0.000000 0.339466 -0.000000 -0.000000 1.000000 0.000187 0.000000 0.000000 0.000000 1.000000
0.911403 0.411514 0.000000 0.942482 -0.411514 0.911403 0.000000 0.339466 -0.000000 -0.000000 1.000000 0.000187 0.000000 0.000000 0.000000 1.000000
0.911403 0.411514 0.000000 0.942482 -0.411514 0.911403 -0.000000 0.339466 -0.000000 0.000000 1.000000 0.000187 0.000000 0.000000 0.000000 1.000000
0.911403 0.411514 0.000000 0.942482 -0.411514 0.911403 0.000000 0.339466 -0.000000 -0.000000 1.000000 0.000187 0.000000 0.000000 0.000000 1.000000
0.911403 0.411514 -0.000000 0.942482 -0.411514 0.911403 -0.000000 0.339466 -0.000000 0.000000 1.000000 0.000187 0.000000 0.000000 0.000000 1.000000
0.911403 0.411514 0.000000 0.942482 -0.411514 0.911403 -0.000000 0.339466 0.000000 0.000000 1.000000 0.000187 0.000000 0.000000 0.000000 1.000000
0.911403 0.411514 0.000000 0.942482 -0.411514 0.911403 -0.000000 0.339466 0.000000 -0.000000 1.000000 0.000187 0.000000 0.000000 0.000000 1.000000
0.911403 0.411514 0.000000 0.942482 -0.411514 0.911403 -0.000000 0.339466 0.000000 0.000000 1.000000 0.000187 0.000000 0.000000 0.000000 1.000000
0.911403 0.411514 -0.000000 0.942482 -0.411514 0.911403 0.000000 0.339466 0.000000 0.000000 1.000000 0.000187 0.000000 0.000000 0.000000 1.000000
0.911403 0.411514 0.000000 0.942482 -0.411514 0.911403 -0.000000 0.339466 0.000000 -0.000000 1.000000 0.000187 0.000000 0.000000 0.000000 1.000000</float_array><technique_common><accessor source="#jnt_left_truster1-Matrix-animation-output-transform-array" count="19" stride="16"><param type="float4x4"/></accessor></technique_common></source><source id="jnt_left_truster1-Interpolations"><Name_array id="jnt_left_truster1-Interpolations-array" count="19">
 LINEAR LINEAR LINEAR LINEAR LINEAR LINEAR LINEAR LINEAR LINEAR LINEAR LINEAR
LINEAR LINEAR LINEAR LINEAR LINEAR LINEAR LINEAR LINEAR</Name_array><technique_common><accessor source="#jnt_left_truster1-Interpolations-array" count="19"><param type="name"/></accessor></technique_common></source><sampler id="jnt_left_truster1-Matrix-animation-transform"><input semantic="INPUT" source="#jnt_left_truster1-Matrix-animation-input"/><input semantic="OUTPUT" source="#jnt_left_truster1-Matrix-animation-output-transform"/><input semantic="INTERPOLATION" source="#jnt_left_truster1-Interpolations"/></sampler><channel source="#jnt_left_truster1-Matrix-animation-transform" target="jnt_left_truster1/matrix"/></animation></animation>
    <animation id="jnt_left_truster2-anim" name="jnt_left_truster2"><animation><source id="jnt_left_truster2-Matrix-animation-input"><float_array id="jnt_left_truster2-Matrix-animation-input-array" count="19">

0.000000 0.033333 0.066667 0.100000 0.133333 0.166667 0.200000 0.233333 0.266667 0.300000 0.333333 0.366667 0.400000 0.433333 0.466667 0.500000
0.533333 0.566667 0.600000</float_array><technique_common><accessor source="#jnt_left_truster2-Matrix-animation-input-array" count="19"><param name="TIME" type="float"/></accessor></technique_common></source><source id="jnt_left_truster2-Matrix-animation-output-transform"><float_array id="jnt_left_truster2-Matrix-animation-output-transform-array" count="304">

0.911403 -0.000000 0.411514 0.942482 0.000000 1.000000 -0.000000 -0.000000 -0.411514 -0.000000 0.911403 0.288533 0.000000 0.000000 0.000000 1.000000
0.911403 0.000000 0.411514 0.942482 -0.000000 1.000000 -0.000000 -0.000000 -0.411514 -0.000000 0.911403 0.288533 0.000000 0.000000 0.000000 1.000000
0.911403 0.000000 0.411514 0.942482 -0.000000 1.000000 -0.000000 -0.000000 -0.411514 0.000000 0.911403 0.288533 0.000000 0.000000 0.000000 1.000000
0.911403 0.000000 0.411514 0.942482 -0.000000 1.000000 0.000000 -0.000000 -0.411514 -0.000000 0.911403 0.288533 0.000000 0.000000 0.000000 1.000000
0.911403 0.000000 0.411514 0.942482 0.000000 1.000000 0.000000 -0.000000 -0.411514 0.000000 0.911403 0.288533 0.000000 0.000000 0.000000 1.000000
0.911403 -0.000000 0.411514 0.942482 0.000000 1.000000 0.000000 -0.000000 -0.411514 0.000000 0.911403 0.288533 0.000000 0.000000 0.000000 1.000000
0.911403 0.000000 0.411514 0.942482 0.000000 1.000000 -0.000000 -0.000000 -0.411514 -0.000000 0.911403 0.288533 0.000000 0.000000 0.000000 1.000000
0.911403 -0.000000 0.411514 0.942482 -0.000000 1.000000 0.000000 -0.000000 -0.411514 -0.000000 0.911403 0.288533 0.000000 0.000000 0.000000 1.000000
0.911403 -0.000000 0.411514 0.942482 -0.000000 1.000000 -0.000000 -0.000000 -0.411514 0.000000 0.911403 0.288533 0.000000 0.000000 0.000000 1.000000
0.911403 -0.000000 0.411514 0.942482 -0.000000 1.000000 -0.000000 -0.000000 -0.411514 -0.000000 0.911403 0.288533 0.000000 0.000000 0.000000 1.000000
0.911403 0.000000 0.411514 0.942482 -0.000000 1.000000 -0.000000 -0.000000 -0.411514 -0.000000 0.911403 0.288533 0.000000 0.000000 0.000000 1.000000
0.911403 0.000000 0.411514 0.942482 -0.000000 1.000000 -0.000000 -0.000000 -0.411514 0.000000 0.911403 0.288533 0.000000 0.000000 0.000000 1.000000
0.911403 0.000000 0.411514 0.942482 -0.000000 1.000000 -0.000000 -0.000000 -0.411514 -0.000000 0.911403 0.288533 0.000000 0.000000 0.000000 1.000000
0.911403 -0.000000 0.411514 0.942482 0.000000 1.000000 0.000000 -0.000000 -0.411514 0.000000 0.911403 0.288533 0.000000 0.000000 0.000000 1.000000
0.911403 -0.000000 0.411514 0.942482 0.000000 1.000000 0.000000 -0.000000 -0.411514 0.000000 0.911403 0.288533 0.000000 0.000000 0.000000 1.000000
0.911403 0.000000 0.411514 0.942482 -0.000000 1.000000 -0.000000 -0.000000 -0.411514 -0.000000 0.911403 0.288533 0.000000 0.000000 0.000000 1.000000
0.911403 -0.000000 0.411514 0.942482 0.000000 1.000000 0.000000 -0.000000 -0.411514 -0.000000 0.911403 0.288533 0.000000 0.000000 0.000000 1.000000
0.911403 0.000000 0.411514 0.942482 0.000000 1.000000 -0.000000 -0.000000 -0.411514 0.000000 0.911403 0.288533 0.000000 0.000000 0.000000 1.000000
0.911403 -0.000000 0.411514 0.942482 0.000000 1.000000 -0.000000 -0.000000 -0.411514 -0.000000 0.911403 0.288533 0.000000 0.000000 0.000000 1.000000</float_array><technique_common><accessor source="#jnt_left_truster2-Matrix-animation-output-transform-array" count="19" stride="16"><param type="float4x4"/></accessor></technique_common></source><source id="jnt_left_truster2-Interpolations"><Name_array id="jnt_left_truster2-Interpolations-array" count="19">
 LINEAR LINEAR LINEAR LINEAR LINEAR LINEAR LINEAR LINEAR LINEAR LINEAR LINEAR
LINEAR LINEAR LINEAR LINEAR LINEAR LINEAR LINEAR LINEAR</Name_array><technique_common><accessor source="#jnt_left_truster2-Interpolations-array" count="19"><param type="name"/></accessor></technique_common></source><sampler id="jnt_left_truster2-Matrix-animation-transform"><input semantic="INPUT" source="#jnt_left_truster2-Matrix-animation-input"/><input semantic="OUTPUT" source="#jnt_left_truster2-Matrix-animation-output-transform"/><input semantic="INTERPOLATION" source="#jnt_left_truster2-Interpolations"/></sampler><channel source="#jnt_left_truster2-Matrix-animation-transform" target="jnt_left_truster2/matrix"/></animation></animation>
    <animation id="jnt_left_truster3-anim" name="jnt_left_truster3"><animation><source id="jnt_left_truster3-Matrix-animation-input"><float_array id="jnt_left_truster3-Matrix-animation-input-array" count="19">

0.000000 0.033333 0.066667 0.100000 0.133333 0.166667 0.200000 0.233333 0.266667 0.300000 0.333333 0.366667 0.400000 0.433333 0.466667 0.500000
0.533333 0.566667 0.600000</float_array><technique_common><accessor source="#jnt_left_truster3-Matrix-animation-input-array" count="19"><param name="TIME" type="float"/></accessor></technique_common></source><source id="jnt_left_truster3-Matrix-animation-output-transform"><float_array id="jnt_left_truster3-Matrix-animation-output-transform-array" count="304">

0.911403 -0.000000 -0.411514 0.942482 0.000000 1.000000 0.000000 -0.000000 0.411514 -0.000000 0.911403 -0.288158 0.000000 0.000000 0.000000 1.000000
0.911403 0.000000 -0.411514 0.942482 -0.000000 1.000000 0.000000 -0.000000 0.411514 -0.000000 0.911403 -0.288158 0.000000 0.000000 0.000000 1.000000
0.911403 0.000000 -0.411514 0.942482 -0.000000 1.000000 0.000000 -0.000000 0.411514 0.000000 0.911403 -0.288158 0.000000 0.000000 0.000000 1.000000
0.911403 0.000000 -0.411514 0.942482 0.000000 1.000000 0.000000 -0.000000 0.411514 -0.000000 0.911403 -0.288158 0.000000 0.000000 0.000000 1.000000
0.911403 0.000000 -0.411514 0.942482 -0.000000 1.000000 -0.000000 -0.000000 0.411514 0.000000 0.911403 -0.288158 0.000000 0.000000 0.000000 1.000000
0.911403 -0.000000 -0.411514 0.942482 0.000000 1.000000 -0.000000 -0.000000 0.411514 0.000000 0.911403 -0.288158 0.000000 0.000000 0.000000 1.000000
0.911403 0.000000 -0.411514 0.942482 -0.000000 1.000000 -0.000000 -0.000000 0.411514 -0.000000 0.911403 -0.288158 0.000000 0.000000 0.000000 1.000000
0.911403 -0.000000 -0.411514 0.942482 0.000000 1.000000 0.000000 -0.000000 0.411514 -0.000000 0.911403 -0.288158 0.000000 0.000000 0.000000 1.000000
0.911403 -0.000000 -0.411514 0.942482 -0.000000 1.000000 0.000000 -0.000000 0.411514 0.000000 0.911403 -0.288158 0.000000 0.000000 0.000000 1.000000
0.911403 -0.000000 -0.411514 0.942482 0.000000 1.000000 0.000000 -0.000000 0.411514 -0.000000 0.911403 -0.288158 0.000000 0.000000 0.000000 1.000000
0.911403 0.000000 -0.411514 0.942482 -0.000000 1.000000 0.000000 -0.000000 0.411514 -0.000000 0.911403 -0.288158 0.000000 0.000000 0.000000 1.000000
0.911403 0.000000 -0.411514 0.942482 -0.000000 1.000000 0.000000 -0.000000 0.411514 0.000000 0.911403 -0.288158 0.000000 0.000000 0.000000 1.000000
0.911403 0.000000 -0.411514 0.942482 0.000000 1.000000 0.000000 -0.000000 0.411514 -0.000000 0.911403 -0.288158 0.000000 0.000000 0.000000 1.000000
0.911403 -0.000000 -0.411514 0.942482 0.000000 1.000000 -0.000000 -0.000000 0.411514 0.000000 0.911403 -0.288158 0.000000 0.000000 0.000000 1.000000
0.911403 -0.000000 -0.411514 0.942482 0.000000 1.000000 -0.000000 -0.000000 0.411514 0.000000 0.911403 -0.288158 0.000000 0.000000 0.000000 1.000000
0.911403 0.000000 -0.411514 0.942482 -0.000000 1.000000 0.000000 -0.000000 0.411514 -0.000000 0.911403 -0.288158 0.000000 0.000000 0.000000 1.000000
0.911403 -0.000000 -0.411514 0.942482 -0.000000 1.000000 -0.000000 -0.000000 0.411514 -0.000000 0.911403 -0.288158 0.000000 0.000000 0.000000 1.000000
0.911403 0.000000 -0.411514 0.942482 0.000000 1.000000 -0.000000 -0.000000 0.411514 0.000000 0.911403 -0.288158 0.000000 0.000000 0.000000 1.000000
