<?xml version="1.0" encoding="utf-8"?>
<COLLADA xmlns="http://www.collada.org/2005/11/COLLADASchema" version="1.4.1">
  <asset><contributor><author></author><authoring_tool>FBX COLLADA exporter</authoring_tool><comments></comments></contributor><created>2019-02-07T17:55:45Z</created><keywords></keywords><modified>2019-02-07T17:55:45Z</modified><revision></revision><subject></subject><title></title><unit meter="0.010000" name="centimeter"></unit><up_axis>Y_UP</up_axis></asset>
  <library_animations>
    <animation id="root_jnt-anim" name="root_jnt"><animation><source id="root_jnt-Matrix-animation-input"><float_array id="root_jnt-Matrix-animation-input-array" count="19">

0.000000 0.033333 0.066667 0.100000 0.133333 0.166667 0.200000 0.233333 0.266667 0.300000 0.333333 0.366667 0.400000 0.433333 0.466667 0.500000
0.533333 0.566667 0.600000</float_array><technique_common><accessor source="#root_jnt-Matrix-animation-input-array" count="19"><param name="TIME" type="float"/></accessor></technique_common></source><source id="root_jnt-Matrix-animation-output-transform"><float_array id="root_jnt-Matrix-animation-output-transform-array" count="304">

1.000000 0.000000 0.000000 0.000000 0.000000 1.000000 0.000000 0.000000 0.000000 0.000000 1.000000 0.000000 0.000000 0.000000 0.000000 1.000000
1.000000 0.000000 0.000000 0.000000 0.000000 1.000000 0.000000 0.000000 0.000000 0.000000 1.000000 0.000000 0.000000 0.000000 0.000000 1.000000
1.000000 0.000000 0.000000 0.000000 0.000000 1.000000 0.000000 0.000000 0.000000 0.000000 1.000000 0.000000 0.000000 0.000000 0.000000 1.000000
1.000000 0.000000 0.000000 0.000000 0.000000 1.000000 0.000000 0.000000 0.000000 0.000000 1.000000 0.000000 0.000000 0.000000 0.000000 1.000000
1.000000 0.000000 0.000000 0.000000 0.000000 1.000000 0.000000 0.000000 0.000000 0.000000 1.000000 0.000000 0.000000 0.000000 0.000000 1.000000
1.000000 0.000000 0.000000 0.000000 0.000000 1.000000 0.000000 0.000000 0.000000 0.000000 1.000000 0.000000 0.000000 0.000000 0.000000 1.000000
1.000000 0.000000 0.000000 0.000000 0.000000 1.000000 0.000000 0.000000 0.000000 0.000000 1.000000 0.000000 0.000000 0.000000 0.000000 1.000000
1.000000 0.000000 0.000000 0.000000 0.000000 1.000000 0.000000 0.000000 0.000000 0.000000 1.000000 0.000000 0.000000 0.000000 0.000000 1.000000
1.000000 0.000000 0.000000 0.000000 0.000000 1.000000 0.000000 0.000000 0.000000 0.000000 1.000000 0.000000 0.000000 0.000000 0.000000 1.000000
1.000000 0.000000 0.000000 0.000000 0.000000 1.000000 0.000000 0.000000 0.000000 0.000000 1.000000 0.000000 0.000000 0.000000 0.000000 1.000000
1.000000 0.000000 0.000000 0.000000 0.000000 1.000000 0.000000 0.000000 0.000000 0.000000 1.000000 0.000000 0.000000 0.000000 0.000000 1.000000
1.000000 0.000000 0.000000 0.000000 0.000000 1.000000 0.000000 0.000000 0.000000 0.000000 1.000000 0.000000 0.000000 0.000000 0.000000 1.000000
1.000000 0.000000 0.000000 0.000000 0.000000 1.000000 0.000000 0.000000 0.000000 0.000000 1.000000 0.000000 0.000000 0.000000 0.000000 1.000000
1.000000 0.000000 0.000000 0.000000 0.000000 1.000000 0.000000 0.000000 0.000000 0.000000 1.000000 0.000000 0.000000 0.000000 0.000000 1.000000
1.000000 0.000000 0.000000 0.000000 0.000000 1.000000 0.000000 0.000000 0.000000 0.000000 1.000000 0.000000 0.000000 0.000000 0.000000 1.000000
1.000000 0.000000 0.000000 0.000000 0.000000 1.000000 0.000000 0.000000 0.000000 0.000000 1.000000 0.000000 0.000000 0.000000 0.000000 1.000000
1.000000 0.000000 0.000000 0.000000 0.000000 1.000000 0.000000 0.000000 0.000000 0.000000 1.000000 0.000000 0.000000 0.000000 0.000000 1.000000
1.000000 0.000000 0.000000 0.000000 0.000000 1.000000 0.000000 0.000000 0.000000 0.000000 1.000000 0.000000 0.000000 0.000000 0.000000 1.000000
1.000000 0.000000 0.000000 0.000000 0.000000 1.000000 0.000000 0.000000 0.000000 0.000000 1.000000 0.000000 0.000000 0.000000 0.000000 1.000000</float_array><technique_common><accessor source="#root_jnt-Matrix-animation-output-transform-array" count="19" stride="16"><param type="float4x4"/></accessor></technique_common></source><source id="root_jnt-Interpolations"><Name_array id="root_jnt-Interpolations-array" count="19">
 LINEAR LINEAR LINEAR LINEAR LINEAR LINEAR LINEAR LINEAR LINEAR LINEAR LINEAR
LINEAR LINEAR LINEAR LINEAR LINEAR LINEAR LINEAR LINEAR</Name_array><technique_common><accessor source="#root_jnt-Interpolations-array" count="19"><param type="name"/></accessor></technique_common></source><sampler id="root_jnt-Matrix-animation-transform"><input semantic="INPUT" source="#root_jnt-Matrix-animation-input"/><input semantic="OUTPUT" source="#root_jnt-Matrix-animation-output-transform"/><input semantic="INTERPOLATION" source="#root_jnt-Interpolations"/></sampler><channel source="#root_jnt-Matrix-animation-transform" target="root_jnt/matrix"/></animation></animation>
    <animation id="jnt_hips-anim" name="jnt_hips"><animation><source id="jnt_hips-Matrix-animation-input"><float_array id="jnt_hips-Matrix-animation-input-array" count="19">

0.000000 0.033333 0.066667 0.100000 0.133333 0.166667 0.200000 0.233333 0.266667 0.300000 0.333333 0.366667 0.400000 0.433333 0.466667 0.500000
0.533333 0.566667 0.600000</float_array><technique_common><accessor source="#jnt_hips-Matrix-animation-input-array" count="19"><param name="TIME" type="float"/></accessor></technique_common></source><source id="jnt_hips-Matrix-animation-output-transform"><float_array id="jnt_hips-Matrix-animation-output-transform-array" count="304">

1.000000 0.000000 0.000000 0.000000 0.000000 1.000000 0.000000 3.262378 0.000000 0.000000 1.000000 -0.094053 0.000000 0.000000 0.000000 1.000000
1.000000 0.000000 0.000000 0.000000 0.000000 1.000000 0.000000 3.262378 0.000000 0.000000 1.000000 -0.094053 0.000000 0.000000 0.000000 1.000000
1.000000 0.000000 0.000000 0.000000 0.000000 1.000000 0.000000 3.262378 0.000000 0.000000 1.000000 -0.094053 0.000000 0.000000 0.000000 1.000000
1.000000 0.000000 0.000000 0.000000 0.000000 1.000000 0.000000 3.262378 0.000000 0.000000 1.000000 -0.094053 0.000000 0.000000 0.000000 1.000000
1.000000 0.000000 0.000000 0.000000 0.000000 1.000000 0.000000 3.262378 0.000000 0.000000 1.000000 -0.094053 0.000000 0.000000 0.000000 1.000000
1.000000 0.000000 0.000000 0.000000 0.000000 1.000000 0.000000 3.262378 0.000000 0.000000 1.000000 -0.094053 0.000000 0.000000 0.000000 1.000000
1.000000 0.000000 0.000000 0.000000 0.000000 1.000000 0.000000 3.262378 0.000000 0.000000 1.000000 -0.094053 0.000000 0.000000 0.000000 1.000000
1.000000 0.000000 0.000000 0.000000 0.000000 1.000000 0.000000 3.262378 0.000000 0.000000 1.000000 -0.094053 0.000000 0.000000 0.000000 1.000000
1.000000 0.000000 0.000000 0.000000 0.000000 1.000000 0.000000 3.262378 0.000000 0.000000 1.000000 -0.094053 0.000000 0.000000 0.000000 1.000000
1.000000 0.000000 0.000000 0.000000 0.000000 1.000000 0.000000 3.262378 0.000000 0.000000 1.000000 -0.094053 0.000000 0.000000 0.000000 1.000000
1.000000 0.000000 0.000000 0.000000 0.000000 1.000000 0.000000 3.262378 0.000000 0.000000 1.000000 -0.094053 0.000000 0.000000 0.000000 1.000000
1.000000 0.000000 0.000000 0.000000 0.000000 1.000000 0.000000 3.262378 0.000000 0.000000 1.000000 -0.094053 0.000000 0.000000 0.000000 1.000000
1.000000 0.000000 0.000000 0.000000 0.000000 1.000000 0.000000 3.262378 0.000000 0.000000 1.000000 -0.094053 0.000000 0.000000 0.000000 1.000000
1.000000 0.000000 0.000000 0.000000 0.000000 1.000000 0.000000 3.262378 0.000000 0.000000 1.000000 -0.094053 0.000000 0.000000 0.000000 1.000000
1.000000 0.000000 0.000000 0.000000 0.000000 1.000000 0.000000 3.262378 0.000000 0.000000 1.000000 -0.094053 0.000000 0.000000 0.000000 1.000000
1.000000 0.000000 0.000000 0.000000 0.000000 1.000000 0.000000 3.262378 0.000000 0.000000 1.000000 -0.094053 0.000000 0.000000 0.000000 1.000000
1.000000 0.000000 0.000000 0.000000 0.000000 1.000000 0.000000 3.262378 0.000000 0.000000 1.000000 -0.094053 0.000000 0.000000 0.000000 1.000000
1.000000 0.000000 0.000000 0.000000 0.000000 1.000000 0.000000 3.262378 0.000000 0.000000 1.000000 -0.094053 0.000000 0.000000 0.000000 1.000000
1.000000 0.000000 0.000000 0.000000 0.000000 1.000000 0.000000 3.262378 0.000000 0.000000 1.000000 -0.094053 0.000000 0.000000 0.000000 1.000000</float_array><technique_common><accessor source="#jnt_hips-Matrix-animation-output-transform-array" count="19" stride="16"><param type="float4x4"/></accessor></technique_common></source><source id="jnt_hips-Interpolations"><Name_array id="jnt_hips-Interpolations-array" count="19">
 LINEAR LINEAR LINEAR LINEAR LINEAR LINEAR LINEAR LINEAR LINEAR LINEAR LINEAR
LINEAR LINEAR LINEAR LINEAR LINEAR LINEAR LINEAR LINEAR</Name_array><technique_common><accessor source="#jnt_hips-Interpolations-array" count="19"><param type="name"/></accessor></technique_common></source><sampler id="jnt_hips-Matrix-animation-transform"><input semantic="INPUT" source="#jnt_hips-Matrix-animation-input"/><input semantic="OUTPUT" source="#jnt_hips-Matrix-animation-output-transform"/><input semantic="INTERPOLATION" source="#jnt_hips-Interpolations"/></sampler><channel source="#jnt_hips-Matrix-animation-transform" target="jnt_hips/matrix"/></animation></animation>
    <animation id="jnt_pelvis-anim" name="jnt_pelvis"><animation><source id="jnt_pelvis-Matrix-animation-input"><float_array id="jnt_pelvis-Matrix-animation-input-array" count="19">

0.000000 0.033333 0.066667 0.100000 0.133333 0.166667 0.200000 0.233333 0.266667 0.300000 0.333333 0.366667 0.400000 0.433333 0.466667 0.500000
0.533333 0.566667 0.600000</float_array><technique_common><accessor source="#jnt_pelvis-Matrix-animation-input-array" count="19"><param name="TIME" type="float"/></accessor></technique_common></source><source id="jnt_pelvis-Matrix-animation-output-transform"><float_array id="jnt_pelvis-Matrix-animation-output-transform-array" count="304">

1.000000 0.000003 0.000000 0.025752 -0.000003 1.000000 0.000000 -0.362228 0.000000 0.000000 1.000000 -0.213015 0.000000 0.000000 0.000000 1.000000
1.000000 0.000003 0.000000 0.025752 -0.000003 1.000000 0.000000 -0.362228 0.000000 0.000000 1.000000 -0.213015 0.000000 0.000000 0.000000 1.000000
1.000000 0.000003 0.000000 0.025752 -0.000003 1.000000 0.000000 -0.362228 0.000000 0.000000 1.000000 -0.213015 0.000000 0.000000 0.000000 1.000000
1.000000 0.000003 0.000000 0.025752 -0.000003 1.000000 0.000000 -0.362228 0.000000 0.000000 1.000000 -0.213015 0.000000 0.000000 0.000000 1.000000
1.000000 0.000003 0.000000 0.025752 -0.000003 1.000000 0.000000 -0.362228 0.000000 0.000000 1.000000 -0.213015 0.000000 0.000000 0.000000 1.000000
1.000000 0.000003 0.000000 0.025752 -0.000003 1.000000 0.000000 -0.362228 0.000000 0.000000 1.000000 -0.213015 0.000000 0.000000 0.000000 1.000000
1.000000 0.000003 0.000000 0.025752 -0.000003 1.000000 0.000000 -0.362228 0.000000 0.000000 1.000000 -0.213015 0.000000 0.000000 0.000000 1.000000
1.000000 0.000003 0.000000 0.025752 -0.000003 1.000000 0.000000 -0.362228 0.000000 0.000000 1.000000 -0.213015 0.000000 0.000000 0.000000 1.000000
1.000000 0.000003 0.000000 0.025752 -0.000003 1.000000 0.000000 -0.362228 0.000000 0.000000 1.000000 -0.213015 0.000000 0.000000 0.000000 1.000000
1.000000 0.000003 0.000000 0.025752 -0.000003 1.000000 0.000000 -0.362228 0.000000 0.000000 1.000000 -0.213015 0.000000 0.000000 0.000000 1.000000
1.000000 0.000003 0.000000 0.025752 -0.000003 1.000000 0.000000 -0.362228 0.000000 0.000000 1.000000 -0.213015 0.000000 0.000000 0.000000 1.000000
1.000000 0.000003 0.000000 0.025752 -0.000003 1.000000 0.000000 -0.362228 0.000000 0.000000 1.000000 -0.213015 0.000000 0.000000 0.000000 1.000000
1.000000 0.000003 0.000000 0.025752 -0.000003 1.000000 0.000000 -0.362228 0.000000 0.000000 1.000000 -0.213015 0.000000 0.000000 0.000000 1.000000
1.000000 0.000003 0.000000 0.025752 -0.000003 1.000000 0.000000 -0.362228 0.000000 0.000000 1.000000 -0.213015 0.000000 0.000000 0.000000 1.000000
1.000000 0.000003 0.000000 0.025752 -0.000003 1.000000 0.000000 -0.362228 0.000000 0.000000 1.000000 -0.213015 0.000000 0.000000 0.000000 1.000000
1.000000 0.000003 0.000000 0.025752 -0.000003 1.000000 0.000000 -0.362228 0.000000 0.000000 1.000000 -0.213015 0.000000 0.000000 0.000000 1.000000
1.000000 0.000003 0.000000 0.025752 -0.000003 1.000000 0.000000 -0.362228 0.000000 0.000000 1.000000 -0.213015 0.000000 0.000000 0.000000 1.000000
1.000000 0.000003 0.000000 0.025752 -0.000003 1.000000 0.000000 -0.362228 0.000000 0.000000 1.000000 -0.213015 0.000000 0.000000 0.000000 1.000000
1.000000 0.000003 0.000000 0.025752 -0.000003 1.000000 0.000000 -0.362228 0.000000 0.000000 1.000000 -0.213015 0.000000 0.000000 0.000000 1.000000</float_array><technique_common><accessor source="#jnt_pelvis-Matrix-animation-output-transform-array" count="19" stride="16"><param type="float4x4"/></accessor></technique_common></source><source id="jnt_pelvis-Interpolations"><Name_array id="jnt_pelvis-Interpolations-array" count="19">
 LINEAR LINEAR LINEAR LINEAR LINEAR LINEAR LINEAR LINEAR LINEAR LINEAR LINEAR
LINEAR LINEAR LINEAR LINEAR LINEAR LINEAR LINEAR LINEAR</Name_array><technique_common><accessor source="#jnt_pelvis-Interpolations-array" count="19"><param type="name"/></accessor></technique_common></source><sampler id="jnt_pelvis-Matrix-animation-transform"><input semantic="INPUT" source="#jnt_pelvis-Matrix-animation-input"/><input semantic="OUTPUT" source="#jnt_pelvis-Matrix-animation-output-transform"/><input semantic="INTERPOLATION" source="#jnt_pelvis-Interpolations"/></sampler><channel source="#jnt_pelvis-Matrix-animation-transform" target="jnt_pelvis/matrix"/></animation></animation>
    <animation id="jnt_left_leg1-anim" name="jnt_left_leg1"><animation><source id="jnt_left_leg1-Matrix-animation-input"><float_array id="jnt_left_leg1-Matrix-animation-input-array" count="19">

0.000000 0.033333 0.066667 0.100000 0.133333 0.166667 0.200000 0.233333 0.266667 0.300000 0.333333 0.366667 0.400000 0.433333 0.466667 0.500000
0.533333 0.566667 0.600000</float_array><technique_common><accessor source="#jnt_left_leg1-Matrix-animation-input-array" count="19"><param name="TIME" type="float"/></accessor></technique_common></source><source id="jnt_left_leg1-Matrix-animation-output-transform"><float_array id="jnt_left_leg1-Matrix-animation-output-transform-array" count="304">

0.999098 -0.042473 -0.000000 0.500157 0.042473 0.999098 -0.000000 -0.457422 0.000000 0.000000 1.000000 0.000000 0.000000 0.000000 0.000000 1.000000
0.998937 -0.046102 -0.000000 0.500157 0.046102 0.998937 -0.000000 -0.457422 0.000000 0.000000 1.000000 0.000000 0.000000 0.000000 0.000000 1.000000
0.998445 -0.055746 0.000000 0.500157 0.055746 0.998445 -0.000000 -0.457422 0.000000 0.000000 1.000000 0.000000 0.000000 0.000000 0.000000 1.000000
0.997579 -0.069540 0.000000 0.500157 0.069540 0.997579 -0.000000 -0.457422 0.000000 0.000000 1.000000 0.000000 0.000000 0.000000 0.000000 1.000000
0.996328 -0.085613 0.000000 0.500157 0.085613 0.996328 -0.000000 -0.457422 0.000000 0.000000 1.000000 0.000000 0.000000 0.000000 0.000000 1.000000
0.994775 -0.102091 0.000000 0.500157 0.102091 0.994775 -0.000000 -0.457422 0.000000 0.000000 1.000000 0.000000 0.000000 0.000000 0.000000 1.000000
0.993118 -0.117117 0.000000 0.500157 0.117117 0.993118 -0.000000 -0.457422 0.000000 0.000000 1.000000 0.000000 0.000000 0.000000 0.000000 1.000000
0.991663 -0.128860 0.000000 0.500157 0.128860 0.991663 -0.000000 -0.457422 0.000000 0.000000 1.000000 0.000000 0.000000 0.000000 0.000000 1.000000
0.990399 -0.138241 0.000000 0.500157 0.138241 0.990399 -0.000000 -0.457422 0.000000 0.000000 1.000000 0.000000 0.000000 0.000000 0.000000 1.000000
0.989130 -0.147046 0.000000 0.500157 0.147046 0.989130 -0.000000 -0.457422 0.000000 0.000000 1.000000 0.000000 0.000000 0.000000 0.000000 1.000000
0.987951 -0.154767 0.000000 0.500157 0.154767 0.987951 -0.000000 -0.457422 0.000000 0.000000 1.000000 0.000000 0.000000 0.000000 0.000000 1.000000
0.986971 -0.160900 0.000000 0.500157 0.160900 0.986971 -0.000000 -0.457422 0.000000 0.000000 1.000000 0.000000 0.000000 0.000000 0.000000 1.000000
0.986302 -0.164947 0.000000 0.500157 0.164947 0.986302 -0.000000 -0.457422 0.000000 0.000000 1.000000 0.000000 0.000000 0.000000 0.000000 1.000000
0.986057 -0.166408 0.000000 0.500157 0.166408 0.986057 -0.000000 -0.457422 0.000000 0.000000 1.000000 0.000000 0.000000 0.000000 0.000000 1.000000
0.988118 -0.153696 0.000000 0.500157 0.153696 0.988118 -0.000000 -0.457422 0.000000 0.000000 1.000000 0.000000 0.000000 0.000000 0.000000 1.000000
0.992386 -0.123165 0.000000 0.500157 0.123165 0.992386 -0.000000 -0.457422 0.000000 0.000000 1.000000 0.000000 0.000000 0.000000 0.000000 1.000000
0.996259 -0.086416 0.000000 0.500157 0.086416 0.996259 -0.000000 -0.457422 0.000000 0.000000 1.000000 0.000000 0.000000 0.000000 0.000000 1.000000
0.998460 -0.055470 0.000000 0.500157 0.055470 0.998460 -0.000000 -0.457422 0.000000 0.000000 1.000000 0.000000 0.000000 0.000000 0.000000 1.000000
0.999098 -0.042473 -0.000000 0.500157 0.042473 0.999098 -0.000000 -0.457422 0.000000 0.000000 1.000000 0.000000 0.000000 0.000000 0.000000 1.000000</float_array><technique_common><accessor source="#jnt_left_leg1-Matrix-animation-output-transform-array" count="19" stride="16"><param type="float4x4"/></accessor></technique_common></source><source id="jnt_left_leg1-Interpolations"><Name_array id="jnt_left_leg1-Interpolations-array" count="19">
 LINEAR LINEAR LINEAR LINEAR LINEAR LINEAR LINEAR LINEAR LINEAR LINEAR LINEAR
LINEAR LINEAR LINEAR LINEAR LINEAR LINEAR LINEAR LINEAR</Name_array><technique_common><accessor source="#jnt_left_leg1-Interpolations-array" count="19"><param type="name"/></accessor></technique_common></source><sampler id="jnt_left_leg1-Matrix-animation-transform"><input semantic="INPUT" source="#jnt_left_leg1-Matrix-animation-input"/><input semantic="OUTPUT" source="#jnt_left_leg1-Matrix-animation-output-transform"/><input semantic="INTERPOLATION" source="#jnt_left_leg1-Interpolations"/></sampler><channel source="#jnt_left_leg1-Matrix-animation-transform" target="jnt_left_leg1/matrix"/></animation></animation>
    <animation id="jnt_left_leg2-anim" name="jnt_left_leg2"><animation><source id="jnt_left_leg2-Matrix-animation-input"><float_array id="jnt_left_leg2-Matrix-animation-input-array" count="19">

0.000000 0.033333 0.066667 0.100000 0.133333 0.166667 0.200000 0.233333 0.266667 0.300000 0.333333 0.366667 0.400000 0.433333 0.466667 0.500000
0.533333 0.566667 0.600000</float_array><technique_common><accessor source="#jnt_left_leg2-Matrix-animation-input-array" count="19"><param name="TIME" type="float"/></accessor></technique_common></source><source id="jnt_left_leg2-Matrix-animation-output-transform"><float_array id="jnt_left_leg2-Matrix-animation-output-transform-array" count="304">

1.000000 0.000000 0.000000 0.572971 0.000000 1.000000 0.000000 0.016592 -0.000000 0.000000 1.000000 -0.000000 0.000000 0.000000 0.000000 1.000000
1.000000 0.000000 0.000000 0.572971 0.000000 1.000000 0.000000 0.016592 -0.000000 -0.000000 1.000000 -0.000000 0.000000 0.000000 0.000000 1.000000
1.000000 0.000000 0.000000 0.572971 -0.000000 1.000000 -0.000000 0.016592 0.000000 0.000000 1.000000 -0.000000 0.000000 0.000000 0.000000 1.000000
1.000000 0.000000 -0.000000 0.572971 0.000000 1.000000 0.000000 0.016592 -0.000000 -0.000000 1.000000 -0.000000 0.000000 0.000000 0.000000 1.000000
1.000000 0.000000 0.000000 0.572971 0.000000 1.000000 0.000000 0.016592 0.000000 0.000000 1.000000 -0.000000 0.000000 0.000000 0.000000 1.000000
1.000000 0.000000 -0.000000 0.572971 0.000000 1.000000 0.000000 0.016592 -0.000000 -0.000000 1.000000 -0.000000 0.000000 0.000000 0.000000 1.000000
1.000000 0.000000 0.000000 0.572971 0.000000 1.000000 0.000000 0.016592 -0.000000 0.000000 1.000000 -0.000000 0.000000 0.000000 0.000000 1.000000
1.000000 0.000000 -0.000000 0.572971 0.000000 1.000000 0.000000 0.016592 0.000000 0.000000 1.000000 -0.000000 0.000000 0.000000 0.000000 1.000000
1.000000 0.000000 -0.000000 0.572971 0.000000 1.000000 0.000000 0.016592 -0.000000 -0.000000 1.000000 -0.000000 0.000000 0.000000 0.000000 1.000000
1.000000 0.000000 0.000000 0.572971 0.000000 1.000000 0.000000 0.016592 -0.000000 0.000000 1.000000 -0.000000 0.000000 0.000000 0.000000 1.000000
1.000000 0.000000 0.000000 0.572971 0.000000 1.000000 0.000000 0.016592 -0.000000 -0.000000 1.000000 -0.000000 0.000000 0.000000 0.000000 1.000000
1.000000 0.000000 0.000000 0.572971 -0.000000 1.000000 0.000000 0.016592 0.000000 -0.000000 1.000000 -0.000000 0.000000 0.000000 0.000000 1.000000
1.000000 0.000000 -0.000000 0.572971 -0.000000 1.000000 0.000000 0.016592 -0.000000 -0.000000 1.000000 -0.000000 0.000000 0.000000 0.000000 1.000000
1.000000 0.000000 0.000000 0.572971 -0.000000 1.000000 0.000000 0.016592 0.000000 -0.000000 1.000000 -0.000000 0.000000 0.000000 0.000000 1.000000
1.000000 0.000000 -0.000000 0.572971 0.000000 1.000000 0.000000 0.016592 -0.000000 0.000000 1.000000 -0.000000 0.000000 0.000000 0.000000 1.000000
1.000000 0.000000 0.000000 0.572971 0.000000 1.000000 0.000000 0.016592 0.000000 0.000000 1.000000 -0.000000 0.000000 0.000000 0.000000 1.000000
1.000000 0.000000 0.000000 0.572971 0.000000 1.000000 0.000000 0.016592 0.000000 0.000000 1.000000 -0.000000 0.000000 0.000000 0.000000 1.000000
1.000000 0.000000 0.000000 0.572971 0.000000 1.000000 0.000000 0.016592 0.000000 0.000000 1.000000 -0.000000 0.000000 0.000000 0.000000 1.000000
1.000000 0.000000 0.000000 0.572971 0.000000 1.000000 0.000000 0.016592 -0.000000 0.000000 1.000000 -0.000000 0.000000 0.000000 0.000000 1.000000</float_array><technique_common><accessor source="#jnt_left_leg2-Matrix-animation-output-transform-array" count="19" stride="16"><param type="float4x4"/></accessor></technique_common></source><source id="jnt_left_leg2-Interpolations"><Name_array id="jnt_left_leg2-Interpolations-array" count="19">
 LINEAR LINEAR LINEAR LINEAR LINEAR LINEAR LINEAR LINEAR LINEAR LINEAR LINEAR
LINEAR LINEAR LINEAR LINEAR LINEAR LINEAR LINEAR LINEAR</Name_array><technique_common><accessor source="#jnt_left_leg2-Interpolations-array" count="19"><param type="name"/></accessor></technique_common></source><sampler id="jnt_left_leg2-Matrix-animation-transform"><input semantic="INPUT" source="#jnt_left_leg2-Matrix-animation-input"/><input semantic="OUTPUT" source="#jnt_left_leg2-Matrix-animation-output-transform"/><input semantic="INTERPOLATION" source="#jnt_left_leg2-Interpolations"/></sampler><channel source="#jnt_left_leg2-Matrix-animation-transform" target="jnt_left_leg2/matrix"/></animation></animation>
    <animation id="jnt_left_leg3-anim" name="jnt_left_leg3"><animation><source id="jnt_left_leg3-Matrix-animation-input"><float_array id="jnt_left_leg3-Matrix-animation-input-array" count="19">

0.000000 0.033333 0.066667 0.100000 0.133333 0.166667 0.200000 0.233333 0.266667 0.300000 0.333333 0.366667 0.400000 0.433333 0.466667 0.500000
0.533333 0.566667 0.600000</float_array><technique_common><accessor source="#jnt_left_leg3-Matrix-animation-input-array" count="19"><param name="TIME" type="float"/></accessor></technique_common></source><source id="jnt_left_leg3-Matrix-animation-output-transform"><float_array id="jnt_left_leg3-Matrix-animation-output-transform-array" count="304">

0.988603 0.150544 0.000000 1.109408 -0.150544 0.988603 0.000000 -0.115050 0.000000 0.000000 1.000000 -0.000000 0.000000 0.000000 0.000000 1.000000
0.988050 0.154133 0.000000 1.109408 -0.154133 0.988050 0.000000 -0.115050 0.000000 -0.000000 1.000000 -0.000000 0.000000 0.000000 0.000000 1.000000
0.986516 0.163667 0.000000 1.109408 -0.163667 0.986516 0.000000 -0.115050 0.000000 0.000000 1.000000 -0.000000 0.000000 0.000000 0.000000 1.000000
0.984159 0.177287 0.000000 1.109408 -0.177287 0.984159 0.000000 -0.115050 0.000000 -0.000000 1.000000 -0.000000 0.000000 0.000000 0.000000 1.000000
0.981173 0.193129 0.000000 1.109408 -0.193129 0.981173 0.000000 -0.115050 0.000000 0.000000 1.000000 -0.000000 0.000000 0.000000 0.000000 1.000000
0.977843 0.209341 -0.000000 1.109408 -0.209341 0.977843 0.000000 -0.115050 0.000000 -0.000000 1.000000 -0.000000 0.000000 0.000000 0.000000 1.000000
0.974566 0.224099 0.000000 1.109408 -0.224099 0.974566 0.000000 -0.115050 0.000000 -0.000000 1.000000 -0.000000 0.000000 0.000000 0.000000 1.000000
0.971846 0.235615 0.000000 1.109408 -0.235615 0.971846 0.000000 -0.115050 0.000000 -0.000000 1.000000 -0.000000 0.000000 0.000000 0.000000 1.000000
0.969573 0.244804 -0.000000 1.109408 -0.244804 0.969573 0.000000 -0.115050 0.000000 -0.000000 1.000000 -0.000000 0.000000 0.000000 0.000000 1.000000
0.967357 0.253419 0.000000 1.109408 -0.253419 0.967357 0.000000 -0.115050 0.000000 0.000000 1.000000 -0.000000 0.000000 0.000000 0.000000 1.000000
0.965348 0.260967 -0.000000 1.109408 -0.260967 0.965348 0.000000 -0.115050 0.000000 -0.000000 1.000000 -0.000000 0.000000 0.000000 0.000000 1.000000
0.963708 0.266958 0.000000 1.109408 -0.266958 0.963708 0.000000 -0.115050 0.000000 -0.000000 1.000000 0.000000 0.000000 0.000000 0.000000 1.000000
0.962605 0.270908 0.000000 1.109408 -0.270908 0.962605 0.000000 -0.115050 0.000000 0.000000 1.000000 -0.000000 0.000000 0.000000 0.000000 1.000000
0.962203 0.272334 0.000000 1.109408 -0.272334 0.962203 0.000000 -0.115050 0.000000 -0.000000 1.000000 -0.000000 0.000000 0.000000 0.000000 1.000000
0.965630 0.259921 -0.000000 1.109408 -0.259921 0.965630 0.000000 -0.115050 0.000000 0.000000 1.000000 -0.000000 0.000000 0.000000 0.000000 1.000000
0.973183 0.230032 0.000000 1.109408 -0.230032 0.973183 0.000000 -0.115050 0.000000 0.000000 1.000000 -0.000000 0.000000 0.000000 0.000000 1.000000
0.981017 0.193919 0.000000 1.109408 -0.193919 0.981017 0.000000 -0.115050 0.000000 0.000000 1.000000 -0.000000 0.000000 0.000000 0.000000 1.000000
0.986561 0.163395 0.000000 1.109408 -0.163395 0.986561 0.000000 -0.115050 0.000000 -0.000000 1.000000 0.000000 0.000000 0.000000 0.000000 1.000000
0.988603 0.150544 0.000000 1.109408 -0.150544 0.988603 0.000000 -0.115050 0.000000 0.000000 1.000000 -0.000000 0.000000 0.000000 0.000000 1.000000</float_array><technique_common><accessor source="#jnt_left_leg3-Matrix-animation-output-transform-array" count="19" stride="16"><param type="float4x4"/></accessor></technique_common></source><source id="jnt_left_leg3-Interpolations"><Name_array id="jnt_left_leg3-Interpolations-array" count="19">
 LINEAR LINEAR LINEAR LINEAR LINEAR LINEAR LINEAR LINEAR LINEAR LINEAR LINEAR
LINEAR LINEAR LINEAR LINEAR LINEAR LINEAR LINEAR LINEAR</Name_array><technique_common><accessor source="#jnt_left_leg3-Interpolations-array" count="19"><param type="name"/></accessor></technique_common></source><sampler id="jnt_left_leg3-Matrix-animation-transform"><input semantic="INPUT" source="#jnt_left_leg3-Matrix-animation-input"/><input semantic="OUTPUT" source="#jnt_left_leg3-Matrix-animation-output-transform"/><input semantic="INTERPOLATION" source="#jnt_left_leg3-Interpolations"/></sampler><channel source="#jnt_left_leg3-Matrix-animation-transform" target="jnt_left_leg3/matrix"/></animation></animation>
    <animation id="jnt_left_truster1-anim" name="jnt_left_truster1"><animation><source id="jnt_left_truster1-Matrix-animation-input"><float_array id="jnt_left_truster1-Matrix-animation-input-array" count="19">

0.000000 0.033333 0.066667 0.100000 0.133333 0.166667 0.200000 0.233333 0.266667 0.300000 0.333333 0.366667 0.400000 0.433333 0.466667 0.500000
0.533333 0.566667 0.600000</float_array><technique_common><accessor source="#jnt_left_truster1-Matrix-animation-input-array" count="19"><param name="TIME" type="float"/></accessor></technique_common></source><source id="jnt_left_truster1-Matrix-animation-output-transform"><float_array id="jnt_left_truster1-Matrix-animation-output-transform-array" count="304">

0.911403 -0.411514 0.000000 0.942482 0.411514 0.911403 0.000000 0.339466 0.000000 0.000000 1.000000 0.000187 0.000000 0.000000 0.000000 1.000000
0.911403 -0.411514 -0.000000 0.942482 0.411514 0.911403 0.000000 0.339466 0.000000 0.000000 1.000000 0.000187 0.000000 0.000000 0.000000 1.000000
0.911403 -0.411514 0.000000 0.942482 0.411514 0.911403 0.000000 0.339466 0.000000 -0.000000 1.000000 0.000187 0.000000 0.000000 0.000000 1.000000
0.911403 -0.411514 0.000000 0.942482 0.411514 0.911403 0.000000 0.339466 0.000000 0.000000 1.000000 0.000187 0.000000 0.000000 0.000000 1.000000
0.911403 -0.411514 0.000000 0.942482 0.411514 0.911403 0.000000 0.339466 0.000000 0.000000 1.000000 0.000187 0.000000 0.000000 0.000000 1.000000
0.911403 -0.411514 0.000000 0.942482 0.411514 0.911403 0.000000 0.339466 0.000000 0.000000 1.000000 0.000187 0.000000 0.000000 0.000000 1.000000
0.911403 -0.411514 0.000000 0.942482 0.411514 0.911403 0.000000 0.339466 -0.000000 -0.000000 1.000000 0.000187 0.000000 0.000000 0.000000 1.000000
0.911403 -0.411514 0.000000 0.942482 0.411514 0.911403 0.000000 0.339466 -0.000000 0.000000 1.000000 0.000187 0.000000 0.000000 0.000000 1.000000
0.911403 -0.411514 0.000000 0.942482 0.411514 0.911403 0.000000 0.339466 0.000000 0.000000 1.000000 0.000187 0.000000 0.000000 0.000000 1.000000
0.911403 -0.411514 0.000000 0.942482 0.411514 0.911403 0.000000 0.339466 0.000000 0.000000 1.000000 0.000187 0.000000 0.000000 0.000000 1.000000
0.911403 -0.411514 0.000000 0.942482 0.411514 0.911403 -0.000000 0.339466 0.000000 -0.000000 1.000000 0.000187 0.000000 0.000000 0.000000 1.000000
0.911403 -0.411514 0.000000 0.942482 0.411514 0.911403 0.000000 0.339466 0.000000 -0.000000 1.000000 0.000187 0.000000 0.000000 0.000000 1.000000
0.911403 -0.411514 0.000000 0.942482 0.411514 0.911403 0.000000 0.339466 -0.000000 -0.000000 1.000000 0.000187 0.000000 0.000000 0.000000 1.000000
0.911403 -0.411514 0.000000 0.942482 0.411514 0.911403 0.000000 0.339466 0.000000 0.000000 1.000000 0.000187 0.000000 0.000000 0.000000 1.000000
0.911403 -0.411514 0.000000 0.942482 0.411514 0.911403 0.000000 0.339466 0.000000 0.000000 1.000000 0.000187 0.000000 0.000000 0.000000 1.000000
0.911403 -0.411514 0.000000 0.942482 0.411514 0.911403 0.000000 0.339466 0.000000 0.000000 1.000000 0.000187 0.000000 0.000000 0.000000 1.000000
0.911403 -0.411514 0.000000 0.942482 0.411514 0.911403 0.000000 0.339466 -0.000000 -0.000000 1.000000 0.000187 0.000000 0.000000 0.000000 1.000000
0.911403 -0.411514 0.000000 0.942482 0.411514 0.911403 0.000000 0.339466 -0.000000 -0.000000 1.000000 0.000187 0.000000 0.000000 0.000000 1.000000
0.911403 -0.411514 0.000000 0.942482 0.411514 0.911403 0.000000 0.339466 0.000000 0.000000 1.000000 0.000187 0.000000 0.000000 0.000000 1.000000</float_array><technique_common><accessor source="#jnt_left_truster1-Matrix-animation-output-transform-array" count="19" stride="16"><param type="float4x4"/></accessor></technique_common></source><source id="jnt_left_truster1-Interpolations"><Name_array id="jnt_left_truster1-Interpolations-array" count="19">
 LINEAR LINEAR LINEAR LINEAR LINEAR LINEAR LINEAR LINEAR LINEAR LINEAR LINEAR
LINEAR LINEAR LINEAR LINEAR LINEAR LINEAR LINEAR LINEAR</Name_array><technique_common><accessor source="#jnt_left_truster1-Interpolations-array" count="19"><param type="name"/></accessor></technique_common></source><sampler id="jnt_left_truster1-Matrix-animation-transform"><input semantic="INPUT" source="#jnt_left_truster1-Matrix-animation-input"/><input semantic="OUTPUT" source="#jnt_left_truster1-Matrix-animation-output-transform"/><input semantic="INTERPOLATION" source="#jnt_left_truster1-Interpolations"/></sampler><channel source="#jnt_left_truster1-Matrix-animation-transform" target="jnt_left_truster1/matrix"/></animation></animation>
    <animation id="jnt_left_truster2-anim" name="jnt_left_truster2"><animation><source id="jnt_left_truster2-Matrix-animation-input"><float_array id="jnt_left_truster2-Matrix-animation-input-array" count="19">

0.000000 0.033333 0.066667 0.100000 0.133333 0.166667 0.200000 0.233333 0.266667 0.300000 0.333333 0.366667 0.400000 0.433333 0.466667 0.500000
0.533333 0.566667 0.600000</float_array><technique_common><accessor source="#jnt_left_truster2-Matrix-animation-input-array" count="19"><param name="TIME" type="float"/></accessor></technique_common></source><source id="jnt_left_truster2-Matrix-animation-output-transform"><float_array id="jnt_left_truster2-Matrix-animation-output-transform-array" count="304">

0.911403 -0.000000 -0.411514 0.942482 0.000000 1.000000 -0.000000 -0.000000 0.411514 0.000000 0.911403 0.288533 0.000000 0.000000 0.000000 1.000000
0.911403 -0.000000 -0.411514 0.942482 0.000000 1.000000 -0.000000 -0.000000 0.411514 0.000000 0.911403 0.288533 0.000000 0.000000 0.000000 1.000000
0.911403 -0.000000 -0.411514 0.942482 -0.000000 1.000000 0.000000 -0.000000 0.411514 -0.000000 0.911403 0.288533 0.000000 0.000000 0.000000 1.000000
0.911403 -0.000000 -0.411514 0.942482 0.000000 1.000000 -0.000000 -0.000000 0.411514 0.000000 0.911403 0.288533 0.000000 0.000000 0.000000 1.000000
0.911403 -0.000000 -0.411514 0.942482 -0.000000 1.000000 -0.000000 -0.000000 0.411514 0.000000 0.911403 0.288533 0.000000 0.000000 0.000000 1.000000
0.911403 -0.000000 -0.411514 0.942482 -0.000000 1.000000 -0.000000 -0.000000 0.411514 0.000000 0.911403 0.288533 0.000000 0.000000 0.000000 1.000000
0.911403 -0.000000 -0.411514 0.942482 0.000000 1.000000 -0.000000 -0.000000 0.411514 -0.000000 0.911403 0.288533 0.000000 0.000000 0.000000 1.000000
0.911403 -0.000000 -0.411514 0.942482 -0.000000 1.000000 0.000000 -0.000000 0.411514 0.000000 0.911403 0.288533 0.000000 0.000000 0.000000 1.000000
0.911403 -0.000000 -0.411514 0.942482 0.000000 1.000000 -0.000000 -0.000000 0.411514 0.000000 0.911403 0.288533 0.000000 0.000000 0.000000 1.000000
0.911403 -0.000000 -0.411514 0.942482 -0.000000 1.000000 0.000000 -0.000000 0.411514 0.000000 0.911403 0.288533 0.000000 0.000000 0.000000 1.000000
0.911403 -0.000000 -0.411514 0.942482 0.000000 1.000000 -0.000000 -0.000000 0.411514 -0.000000 0.911403 0.288533 0.000000 0.000000 0.000000 1.000000
0.911403 -0.000000 -0.411514 0.942482 -0.000000 1.000000 -0.000000 -0.000000 0.411514 -0.000000 0.911403 0.288533 0.000000 0.000000 0.000000 1.000000
0.911403 -0.000000 -0.411514 0.942482 -0.000000 1.000000 0.000000 -0.000000 0.411514 -0.000000 0.911403 0.288533 0.000000 0.000000 0.000000 1.000000
0.911403 0.000000 -0.411514 0.942482 -0.000000 1.000000 0.000000 -0.000000 0.411514 0.000000 0.911403 0.288533 0.000000 0.000000 0.000000 1.000000
0.911403 -0.000000 -0.411514 0.942482 -0.000000 1.000000 -0.000000 -0.000000 0.411514 0.000000 0.911403 0.288533 0.000000 0.000000 0.000000 1.000000
0.911403 -0.000000 -0.411514 0.942482 0.000000 1.000000 -0.000000 -0.000000 0.411514 0.000000 0.911403 0.288533 0.000000 0.000000 0.000000 1.000000
0.911403 -0.000000 -0.411514 0.942482 -0.000000 1.000000 -0.000000 -0.000000 0.411514 0.000000 0.911403 0.288533 0.000000 0.000000 0.000000 1.000000
0.911403 -0.000000 -0.411514 0.942482 -0.000000 1.000000 -0.000000 -0.000000 0.411514 -0.000000 0.911403 0.288533 0.000000 0.000000 0.000000 1.000000
0.911403 -0.000000 -0.411514 0.942482 0.000000 1.000000 -0.000000 -0.000000 0.411514 0.000000 0.911403 0.288533 0.000000 0.000000 0.000000 1.000000</float_array><technique_common><accessor source="#jnt_left_truster2-Matrix-animation-output-transform-array" count="19" stride="16"><param type="float4x4"/></accessor></technique_common></source><source id="jnt_left_truster2-Interpolations"><Name_array id="jnt_left_truster2-Interpolations-array" count="19">
 LINEAR LINEAR LINEAR LINEAR LINEAR LINEAR LINEAR LINEAR LINEAR LINEAR LINEAR
LINEAR LINEAR LINEAR LINEAR LINEAR LINEAR LINEAR LINEAR</Name_array><technique_common><accessor source="#jnt_left_truster2-Interpolations-array" count="19"><param type="name"/></accessor></technique_common></source><sampler id="jnt_left_truster2-Matrix-animation-transform"><input semantic="INPUT" source="#jnt_left_truster2-Matrix-animation-input"/><input semantic="OUTPUT" source="#jnt_left_truster2-Matrix-animation-output-transform"/><input semantic="INTERPOLATION" source="#jnt_left_truster2-Interpolations"/></sampler><channel source="#jnt_left_truster2-Matrix-animation-transform" target="jnt_left_truster2/matrix"/></animation></animation>
    <animation id="jnt_left_truster3-anim" name="jnt_left_truster3"><animation><source id="jnt_left_truster3-Matrix-animation-input"><float_array id="jnt_left_truster3-Matrix-animation-input-array" count="19">

0.000000 0.033333 0.066667 0.100000 0.133333 0.166667 0.200000 0.233333 0.266667 0.300000 0.333333 0.366667 0.400000 0.433333 0.466667 0.500000
0.533333 0.566667 0.600000</float_array><technique_common><accessor source="#jnt_left_truster3-Matrix-animation-input-array" count="19"><param name="TIME" type="float"/></accessor></technique_common></source><source id="jnt_left_truster3-Matrix-animation-output-transform"><float_array id="jnt_left_truster3-Matrix-animation-output-transform-array" count="304">

0.911403 -0.000000 0.411514 0.942482 0.000000 1.000000 -0.000000 -0.000000 -0.411514 0.000000 0.911403 -0.288158 0.000000 0.000000 0.000000 1.000000
0.911403 -0.000000 0.411514 0.942482 0.000000 1.000000 0.000000 -0.000000 -0.411514 0.000000 0.911403 -0.288158 0.000000 0.000000 0.000000 1.000000
0.911403 -0.000000 0.411514 0.942482 -0.000000 1.000000 0.000000 -0.000000 -0.411514 -0.000000 0.911403 -0.288158 0.000000 0.000000 0.000000 1.000000
0.911403 -0.000000 0.411514 0.942482 -0.000000 1.000000 0.000000 -0.000000 -0.411514 0.000000 0.911403 -0.288158 0.000000 0.000000 0.000000 1.000000
0.911403 -0.000000 0.411514 0.942482 0.000000 1.000000 -0.000000 -0.000000 -0.411514 0.000000 0.911403 -0.288158 0.000000 0.000000 0.000000 1.000000
0.911403 -0.000000 0.411514 0.942482 0.000000 1.000000 0.000000 -0.000000 -0.411514 0.000000 0.911403 -0.288158 0.000000 0.000000 0.000000 1.000000
0.911403 -0.000000 0.411514 0.942482 -0.000000 1.000000 0.000000 -0.000000 -0.411514 -0.000000 0.911403 -0.288158 0.000000 0.000000 0.000000 1.000000
0.911403 -0.000000 0.411514 0.942482 -0.000000 1.000000 0.000000 -0.000000 -0.411514 0.000000 0.911403 -0.288158 0.000000 0.000000 0.000000 1.000000
0.911403 -0.000000 0.411514 0.942482 0.000000 1.000000 0.000000 -0.000000 -0.411514 0.000000 0.911403 -0.288158 0.000000 0.000000 0.000000 1.000000
0.911403 -0.000000 0.411514 0.942482 -0.000000 1.000000 0.000000 -0.000000 -0.411514 0.000000 0.911403 -0.288158 0.000000 0.000000 0.000000 1.000000
0.911403 -0.000000 0.411514 0.942482 -0.000000 1.000000 -0.000000 -0.000000 -0.411514 -0.000000 0.911403 -0.288158 0.000000 0.000000 0.000000 1.000000
0.911403 -0.000000 0.411514 0.942482 -0.000000 1.000000 -0.000000 -0.000000 -0.411514 -0.000000 0.911403 -0.288158 0.000000 0.000000 0.000000 1.000000
0.911403 -0.000000 0.411514 0.942482 0.000000 1.000000 -0.000000 -0.000000 -0.411514 -0.000000 0.911403 -0.288158 0.000000 0.000000 0.000000 1.000000
0.911403 0.000000 0.411514 0.942482 -0.000000 1.000000 -0.000000 -0.000000 -0.411514 0.000000 0.911403 -0.288158 0.000000 0.000000 0.000000 1.000000
0.911403 -0.000000 0.411514 0.942482 -0.000000 1.000000 0.000000 -0.000000 -0.411514 0.000000 0.911403 -0.288158 0.000000 0.000000 0.000000 1.000000
0.911403 -0.000000 0.411514 0.942482 0.000000 1.000000 0.000000 -0.000000 -0.411514 0.000000 0.911403 -0.288158 0.000000 0.000000 0.000000 1.000000
0.911403 -0.000000 0.411514 0.942482 0.000000 1.000000 0.000000 -0.000000 -0.411514 0.000000 0.911403 -0.288158 0.000000 0.000000 0.000000 1.000000
0.911403 -0.000000 0.411514 0.942482 0.000000 1.000000 0.000000 -0.000000 -0.411514 -0.000000 0.911403 -0.288158 0.000000 0.000000 0.000000 1.000000
