<?xml version="1.0" encoding="utf-8"?>
<COLLADA xmlns="http://www.collada.org/2005/11/COLLADASchema" version="1.4.1">
  <asset><contributor><author></author><authoring_tool>FBX COLLADA exporter</authoring_tool><comments></comments></contributor><created>2018-12-04T14:25:06Z</created><keywords></keywords><modified>2018-12-04T14:25:06Z</modified><revision></revision><subject></subject><title></title><unit meter="0.010000" name="centimeter"></unit><up_axis>Y_UP</up_axis></asset>
  <library_animations>
    <animation id="root_jnt-anim" name="root_jnt"><animation><source id="root_jnt-Matrix-animation-input"><float_array id="root_jnt-Matrix-animation-input-array" count="121">

0.000000 0.033333 0.066667 0.100000 0.133333 0.166667 0.200000 0.233333 0.266667 0.300000 0.333333 0.366667 0.400000 0.433333 0.466667 0.500000
0.533333 0.566667 0.600000 0.633333 0.666667 0.700000 0.733333 0.766667 0.800000 0.833333 0.866667 0.900000 0.933333 0.966667 1.000000 1.033333
1.066667 1.100000 1.133333 1.166667 1.200000 1.233333 1.266667 1.300000 1.333333 1.366667 1.400000 1.433333 1.466667 1.500000 1.533333 1.566667
1.600000 1.633333 1.666667 1.700000 1.733333 1.766667 1.800000 1.833333 1.866667 1.900000 1.933333 1.966667 2.000000 2.033333 2.066667 2.100000
2.133333 2.166667 2.200000 2.233333 2.266667 2.300000 2.333333 2.366667 2.400000 2.433333 2.466667 2.500000 2.533333 2.566667 2.600000 2.633333
2.666667 2.700000 2.733333 2.766667 2.800000 2.833333 2.866667 2.900000 2.933333 2.966667 3.000000 3.033333 3.066667 3.100000 3.133333 3.166667
3.200000 3.233333 3.266667 3.300000 3.333333 3.366667 3.400000 3.433333 3.466667 3.500000 3.533333 3.566667 3.600000 3.633333 3.666667 3.700000
3.733333 3.766667 3.800000 3.833333 3.866667 3.900000 3.933333 3.966667 4.000000</float_array><technique_common><accessor source="#root_jnt-Matrix-animation-input-array" count="121"><param name="TIME" type="float"/></accessor></technique_common></source><source id="root_jnt-Matrix-animation-output-transform"><float_array id="root_jnt-Matrix-animation-output-transform-array" count="1936">

1.000000 0.000000 0.000000 0.000000 0.000000 1.000000 0.000000 0.000000 0.000000 0.000000 1.000000 0.000000 0.000000 0.000000 0.000000 1.000000
1.000000 0.000000 0.000000 0.000000 0.000000 1.000000 0.000000 0.000000 0.000000 0.000000 1.000000 0.000000 0.000000 0.000000 0.000000 1.000000
1.000000 0.000000 0.000000 0.000000 0.000000 1.000000 0.000000 0.000000 0.000000 0.000000 1.000000 0.000000 0.000000 0.000000 0.000000 1.000000
1.000000 0.000000 0.000000 0.000000 0.000000 1.000000 0.000000 0.000000 0.000000 0.000000 1.000000 0.000000 0.000000 0.000000 0.000000 1.000000
1.000000 0.000000 0.000000 0.000000 0.000000 1.000000 0.000000 0.000000 0.000000 0.000000 1.000000 0.000000 0.000000 0.000000 0.000000 1.000000
1.000000 0.000000 0.000000 0.000000 0.000000 1.000000 0.000000 0.000000 0.000000 0.000000 1.000000 0.000000 0.000000 0.000000 0.000000 1.000000
1.000000 0.000000 0.000000 0.000000 0.000000 1.000000 0.000000 0.000000 0.000000 0.000000 1.000000 0.000000 0.000000 0.000000 0.000000 1.000000
1.000000 0.000000 0.000000 0.000000 0.000000 1.000000 0.000000 0.000000 0.000000 0.000000 1.000000 0.000000 0.000000 0.000000 0.000000 1.000000
1.000000 0.000000 0.000000 0.000000 0.000000 1.000000 0.000000 0.000000 0.000000 0.000000 1.000000 0.000000 0.000000 0.000000 0.000000 1.000000
1.000000 0.000000 0.000000 0.000000 0.000000 1.000000 0.000000 0.000000 0.000000 0.000000 1.000000 0.000000 0.000000 0.000000 0.000000 1.000000
1.000000 0.000000 0.000000 0.000000 0.000000 1.000000 0.000000 0.000000 0.000000 0.000000 1.000000 0.000000 0.000000 0.000000 0.000000 1.000000
1.000000 0.000000 0.000000 0.000000 0.000000 1.000000 0.000000 0.000000 0.000000 0.000000 1.000000 0.000000 0.000000 0.000000 0.000000 1.000000
1.000000 0.000000 0.000000 0.000000 0.000000 1.000000 0.000000 0.000000 0.000000 0.000000 1.000000 0.000000 0.000000 0.000000 0.000000 1.000000
1.000000 0.000000 0.000000 0.000000 0.000000 1.000000 0.000000 0.000000 0.000000 0.000000 1.000000 0.000000 0.000000 0.000000 0.000000 1.000000
1.000000 0.000000 0.000000 0.000000 0.000000 1.000000 0.000000 0.000000 0.000000 0.000000 1.000000 0.000000 0.000000 0.000000 0.000000 1.000000
1.000000 0.000000 0.000000 0.000000 0.000000 1.000000 0.000000 0.000000 0.000000 0.000000 1.000000 0.000000 0.000000 0.000000 0.000000 1.000000
1.000000 0.000000 0.000000 0.000000 0.000000 1.000000 0.000000 0.000000 0.000000 0.000000 1.000000 0.000000 0.000000 0.000000 0.000000 1.000000
1.000000 0.000000 0.000000 0.000000 0.000000 1.000000 0.000000 0.000000 0.000000 0.000000 1.000000 0.000000 0.000000 0.000000 0.000000 1.000000
1.000000 0.000000 0.000000 0.000000 0.000000 1.000000 0.000000 0.000000 0.000000 0.000000 1.000000 0.000000 0.000000 0.000000 0.000000 1.000000
1.000000 0.000000 0.000000 0.000000 0.000000 1.000000 0.000000 0.000000 0.000000 0.000000 1.000000 0.000000 0.000000 0.000000 0.000000 1.000000
1.000000 0.000000 0.000000 0.000000 0.000000 1.000000 0.000000 0.000000 0.000000 0.000000 1.000000 0.000000 0.000000 0.000000 0.000000 1.000000
1.000000 0.000000 0.000000 0.000000 0.000000 1.000000 0.000000 0.000000 0.000000 0.000000 1.000000 0.000000 0.000000 0.000000 0.000000 1.000000
1.000000 0.000000 0.000000 0.000000 0.000000 1.000000 0.000000 0.000000 0.000000 0.000000 1.000000 0.000000 0.000000 0.000000 0.000000 1.000000
1.000000 0.000000 0.000000 0.000000 0.000000 1.000000 0.000000 0.000000 0.000000 0.000000 1.000000 0.000000 0.000000 0.000000 0.000000 1.000000
1.000000 0.000000 0.000000 0.000000 0.000000 1.000000 0.000000 0.000000 0.000000 0.000000 1.000000 0.000000 0.000000 0.000000 0.000000 1.000000
1.000000 0.000000 0.000000 0.000000 0.000000 1.000000 0.000000 0.000000 0.000000 0.000000 1.000000 0.000000 0.000000 0.000000 0.000000 1.000000
1.000000 0.000000 0.000000 0.000000 0.000000 1.000000 0.000000 0.000000 0.000000 0.000000 1.000000 0.000000 0.000000 0.000000 0.000000 1.000000
1.000000 0.000000 0.000000 0.000000 0.000000 1.000000 0.000000 0.000000 0.000000 0.000000 1.000000 0.000000 0.000000 0.000000 0.000000 1.000000
1.000000 0.000000 0.000000 0.000000 0.000000 1.000000 0.000000 0.000000 0.000000 0.000000 1.000000 0.000000 0.000000 0.000000 0.000000 1.000000
1.000000 0.000000 0.000000 0.000000 0.000000 1.000000 0.000000 0.000000 0.000000 0.000000 1.000000 0.000000 0.000000 0.000000 0.000000 1.000000
1.000000 0.000000 0.000000 0.000000 0.000000 1.000000 0.000000 0.000000 0.000000 0.000000 1.000000 0.000000 0.000000 0.000000 0.000000 1.000000
1.000000 0.000000 0.000000 0.000000 0.000000 1.000000 0.000000 0.000000 0.000000 0.000000 1.000000 0.000000 0.000000 0.000000 0.000000 1.000000
1.000000 0.000000 0.000000 0.000000 0.000000 1.000000 0.000000 0.000000 0.000000 0.000000 1.000000 0.000000 0.000000 0.000000 0.000000 1.000000
1.000000 0.000000 0.000000 0.000000 0.000000 1.000000 0.000000 0.000000 0.000000 0.000000 1.000000 0.000000 0.000000 0.000000 0.000000 1.000000
1.000000 0.000000 0.000000 0.000000 0.000000 1.000000 0.000000 0.000000 0.000000 0.000000 1.000000 0.000000 0.000000 0.000000 0.000000 1.000000
1.000000 0.000000 0.000000 0.000000 0.000000 1.000000 0.000000 0.000000 0.000000 0.000000 1.000000 0.000000 0.000000 0.000000 0.000000 1.000000
1.000000 0.000000 0.000000 0.000000 0.000000 1.000000 0.000000 0.000000 0.000000 0.000000 1.000000 0.000000 0.000000 0.000000 0.000000 1.000000
1.000000 0.000000 0.000000 0.000000 0.000000 1.000000 0.000000 0.000000 0.000000 0.000000 1.000000 0.000000 0.000000 0.000000 0.000000 1.000000
1.000000 0.000000 0.000000 0.000000 0.000000 1.000000 0.000000 0.000000 0.000000 0.000000 1.000000 0.000000 0.000000 0.000000 0.000000 1.000000
1.000000 0.000000 0.000000 0.000000 0.000000 1.000000 0.000000 0.000000 0.000000 0.000000 1.000000 0.000000 0.000000 0.000000 0.000000 1.000000
1.000000 0.000000 0.000000 0.000000 0.000000 1.000000 0.000000 0.000000 0.000000 0.000000 1.000000 0.000000 0.000000 0.000000 0.000000 1.000000
1.000000 0.000000 0.000000 0.000000 0.000000 1.000000 0.000000 0.000000 0.000000 0.000000 1.000000 0.000000 0.000000 0.000000 0.000000 1.000000
1.000000 0.000000 0.000000 0.000000 0.000000 1.000000 0.000000 0.000000 0.000000 0.000000 1.000000 0.000000 0.000000 0.000000 0.000000 1.000000
1.000000 0.000000 0.000000 0.000000 0.000000 1.000000 0.000000 0.000000 0.000000 0.000000 1.000000 0.000000 0.000000 0.000000 0.000000 1.000000
1.000000 0.000000 0.000000 0.000000 0.000000 1.000000 0.000000 0.000000 0.000000 0.000000 1.000000 0.000000 0.000000 0.000000 0.000000 1.000000
1.000000 0.000000 0.000000 0.000000 0.000000 1.000000 0.000000 0.000000 0.000000 0.000000 1.000000 0.000000 0.000000 0.000000 0.000000 1.000000
1.000000 0.000000 0.000000 0.000000 0.000000 1.000000 0.000000 0.000000 0.000000 0.000000 1.000000 0.000000 0.000000 0.000000 0.000000 1.000000
1.000000 0.000000 0.000000 0.000000 0.000000 1.000000 0.000000 0.000000 0.000000 0.000000 1.000000 0.000000 0.000000 0.000000 0.000000 1.000000
1.000000 0.000000 0.000000 0.000000 0.000000 1.000000 0.000000 0.000000 0.000000 0.000000 1.000000 0.000000 0.000000 0.000000 0.000000 1.000000
1.000000 0.000000 0.000000 0.000000 0.000000 1.000000 0.000000 0.000000 0.000000 0.000000 1.000000 0.000000 0.000000 0.000000 0.000000 1.000000
1.000000 0.000000 0.000000 0.000000 0.000000 1.000000 0.000000 0.000000 0.000000 0.000000 1.000000 0.000000 0.000000 0.000000 0.000000 1.000000
1.000000 0.000000 0.000000 0.000000 0.000000 1.000000 0.000000 0.000000 0.000000 0.000000 1.000000 0.000000 0.000000 0.000000 0.000000 1.000000
1.000000 0.000000 0.000000 0.000000 0.000000 1.000000 0.000000 0.000000 0.000000 0.000000 1.000000 0.000000 0.000000 0.000000 0.000000 1.000000
1.000000 0.000000 0.000000 0.000000 0.000000 1.000000 0.000000 0.000000 0.000000 0.000000 1.000000 0.000000 0.000000 0.000000 0.000000 1.000000
1.000000 0.000000 0.000000 0.000000 0.000000 1.000000 0.000000 0.000000 0.000000 0.000000 1.000000 0.000000 0.000000 0.000000 0.000000 1.000000
1.000000 0.000000 0.000000 0.000000 0.000000 1.000000 0.000000 0.000000 0.000000 0.000000 1.000000 0.000000 0.000000 0.000000 0.000000 1.000000
1.000000 0.000000 0.000000 0.000000 0.000000 1.000000 0.000000 0.000000 0.000000 0.000000 1.000000 0.000000 0.000000 0.000000 0.000000 1.000000
1.000000 0.000000 0.000000 0.000000 0.000000 1.000000 0.000000 0.000000 0.000000 0.000000 1.000000 0.000000 0.000000 0.000000 0.000000 1.000000
1.000000 0.000000 0.000000 0.000000 0.000000 1.000000 0.000000 0.000000 0.000000 0.000000 1.000000 0.000000 0.000000 0.000000 0.000000 1.000000
1.000000 0.000000 0.000000 0.000000 0.000000 1.000000 0.000000 0.000000 0.000000 0.000000 1.000000 0.000000 0.000000 0.000000 0.000000 1.000000
1.000000 0.000000 0.000000 0.000000 0.000000 1.000000 0.000000 0.000000 0.000000 0.000000 1.000000 0.000000 0.000000 0.000000 0.000000 1.000000
1.000000 0.000000 0.000000 0.000000 0.000000 1.000000 0.000000 0.000000 0.000000 0.000000 1.000000 0.000000 0.000000 0.000000 0.000000 1.000000
1.000000 0.000000 0.000000 0.000000 0.000000 1.000000 0.000000 0.000000 0.000000 0.000000 1.000000 0.000000 0.000000 0.000000 0.000000 1.000000
1.000000 0.000000 0.000000 0.000000 0.000000 1.000000 0.000000 0.000000 0.000000 0.000000 1.000000 0.000000 0.000000 0.000000 0.000000 1.000000
1.000000 0.000000 0.000000 0.000000 0.000000 1.000000 0.000000 0.000000 0.000000 0.000000 1.000000 0.000000 0.000000 0.000000 0.000000 1.000000
1.000000 0.000000 0.000000 0.000000 0.000000 1.000000 0.000000 0.000000 0.000000 0.000000 1.000000 0.000000 0.000000 0.000000 0.000000 1.000000
1.000000 0.000000 0.000000 0.000000 0.000000 1.000000 0.000000 0.000000 0.000000 0.000000 1.000000 0.000000 0.000000 0.000000 0.000000 1.000000
1.000000 0.000000 0.000000 0.000000 0.000000 1.000000 0.000000 0.000000 0.000000 0.000000 1.000000 0.000000 0.000000 0.000000 0.000000 1.000000
1.000000 0.000000 0.000000 0.000000 0.000000 1.000000 0.000000 0.000000 0.000000 0.000000 1.000000 0.000000 0.000000 0.000000 0.000000 1.000000
1.000000 0.000000 0.000000 0.000000 0.000000 1.000000 0.000000 0.000000 0.000000 0.000000 1.000000 0.000000 0.000000 0.000000 0.000000 1.000000
1.000000 0.000000 0.000000 0.000000 0.000000 1.000000 0.000000 0.000000 0.000000 0.000000 1.000000 0.000000 0.000000 0.000000 0.000000 1.000000
1.000000 0.000000 0.000000 0.000000 0.000000 1.000000 0.000000 0.000000 0.000000 0.000000 1.000000 0.000000 0.000000 0.000000 0.000000 1.000000
1.000000 0.000000 0.000000 0.000000 0.000000 1.000000 0.000000 0.000000 0.000000 0.000000 1.000000 0.000000 0.000000 0.000000 0.000000 1.000000
1.000000 0.000000 0.000000 0.000000 0.000000 1.000000 0.000000 0.000000 0.000000 0.000000 1.000000 0.000000 0.000000 0.000000 0.000000 1.000000
1.000000 0.000000 0.000000 0.000000 0.000000 1.000000 0.000000 0.000000 0.000000 0.000000 1.000000 0.000000 0.000000 0.000000 0.000000 1.000000
1.000000 0.000000 0.000000 0.000000 0.000000 1.000000 0.000000 0.000000 0.000000 0.000000 1.000000 0.000000 0.000000 0.000000 0.000000 1.000000
1.000000 0.000000 0.000000 0.000000 0.000000 1.000000 0.000000 0.000000 0.000000 0.000000 1.000000 0.000000 0.000000 0.000000 0.000000 1.000000
1.000000 0.000000 0.000000 0.000000 0.000000 1.000000 0.000000 0.000000 0.000000 0.000000 1.000000 0.000000 0.000000 0.000000 0.000000 1.000000
1.000000 0.000000 0.000000 0.000000 0.000000 1.000000 0.000000 0.000000 0.000000 0.000000 1.000000 0.000000 0.000000 0.000000 0.000000 1.000000
1.000000 0.000000 0.000000 0.000000 0.000000 1.000000 0.000000 0.000000 0.000000 0.000000 1.000000 0.000000 0.000000 0.000000 0.000000 1.000000
1.000000 0.000000 0.000000 0.000000 0.000000 1.000000 0.000000 0.000000 0.000000 0.000000 1.000000 0.000000 0.000000 0.000000 0.000000 1.000000
1.000000 0.000000 0.000000 0.000000 0.000000 1.000000 0.000000 0.000000 0.000000 0.000000 1.000000 0.000000 0.000000 0.000000 0.000000 1.000000
1.000000 0.000000 0.000000 0.000000 0.000000 1.000000 0.000000 0.000000 0.000000 0.000000 1.000000 0.000000 0.000000 0.000000 0.000000 1.000000
1.000000 0.000000 0.000000 0.000000 0.000000 1.000000 0.000000 0.000000 0.000000 0.000000 1.000000 0.000000 0.000000 0.000000 0.000000 1.000000
1.000000 0.000000 0.000000 0.000000 0.000000 1.000000 0.000000 0.000000 0.000000 0.000000 1.000000 0.000000 0.000000 0.000000 0.000000 1.000000
1.000000 0.000000 0.000000 0.000000 0.000000 1.000000 0.000000 0.000000 0.000000 0.000000 1.000000 0.000000 0.000000 0.000000 0.000000 1.000000
1.000000 0.000000 0.000000 0.000000 0.000000 1.000000 0.000000 0.000000 0.000000 0.000000 1.000000 0.000000 0.000000 0.000000 0.000000 1.000000
1.000000 0.000000 0.000000 0.000000 0.000000 1.000000 0.000000 0.000000 0.000000 0.000000 1.000000 0.000000 0.000000 0.000000 0.000000 1.000000
1.000000 0.000000 0.000000 0.000000 0.000000 1.000000 0.000000 0.000000 0.000000 0.000000 1.000000 0.000000 0.000000 0.000000 0.000000 1.000000
1.000000 0.000000 0.000000 0.000000 0.000000 1.000000 0.000000 0.000000 0.000000 0.000000 1.000000 0.000000 0.000000 0.000000 0.000000 1.000000
1.000000 0.000000 0.000000 0.000000 0.000000 1.000000 0.000000 0.000000 0.000000 0.000000 1.000000 0.000000 0.000000 0.000000 0.000000 1.000000
1.000000 0.000000 0.000000 0.000000 0.000000 1.000000 0.000000 0.000000 0.000000 0.000000 1.000000 0.000000 0.000000 0.000000 0.000000 1.000000
1.000000 0.000000 0.000000 0.000000 0.000000 1.000000 0.000000 0.000000 0.000000 0.000000 1.000000 0.000000 0.000000 0.000000 0.000000 1.000000
1.000000 0.000000 0.000000 0.000000 0.000000 1.000000 0.000000 0.000000 0.000000 0.000000 1.000000 0.000000 0.000000 0.000000 0.000000 1.000000
1.000000 0.000000 0.000000 0.000000 0.000000 1.000000 0.000000 0.000000 0.000000 0.000000 1.000000 0.000000 0.000000 0.000000 0.000000 1.000000
1.000000 0.000000 0.000000 0.000000 0.000000 1.000000 0.000000 0.000000 0.000000 0.000000 1.000000 0.000000 0.000000 0.000000 0.000000 1.000000
1.000000 0.000000 0.000000 0.000000 0.000000 1.000000 0.000000 0.000000 0.000000 0.000000 1.000000 0.000000 0.000000 0.000000 0.000000 1.000000
1.000000 0.000000 0.000000 0.000000 0.000000 1.000000 0.000000 0.000000 0.000000 0.000000 1.000000 0.000000 0.000000 0.000000 0.000000 1.000000
1.000000 0.000000 0.000000 0.000000 0.000000 1.000000 0.000000 0.000000 0.000000 0.000000 1.000000 0.000000 0.000000 0.000000 0.000000 1.000000
1.000000 0.000000 0.000000 0.000000 0.000000 1.000000 0.000000 0.000000 0.000000 0.000000 1.000000 0.000000 0.000000 0.000000 0.000000 1.000000
1.000000 0.000000 0.000000 0.000000 0.000000 1.000000 0.000000 0.000000 0.000000 0.000000 1.000000 0.000000 0.000000 0.000000 0.000000 1.000000
1.000000 0.000000 0.000000 0.000000 0.000000 1.000000 0.000000 0.000000 0.000000 0.000000 1.000000 0.000000 0.000000 0.000000 0.000000 1.000000
1.000000 0.000000 0.000000 0.000000 0.000000 1.000000 0.000000 0.000000 0.000000 0.000000 1.000000 0.000000 0.000000 0.000000 0.000000 1.000000
1.000000 0.000000 0.000000 0.000000 0.000000 1.000000 0.000000 0.000000 0.000000 0.000000 1.000000 0.000000 0.000000 0.000000 0.000000 1.000000
1.000000 0.000000 0.000000 0.000000 0.000000 1.000000 0.000000 0.000000 0.000000 0.000000 1.000000 0.000000 0.000000 0.000000 0.000000 1.000000
1.000000 0.000000 0.000000 0.000000 0.000000 1.000000 0.000000 0.000000 0.000000 0.000000 1.000000 0.000000 0.000000 0.000000 0.000000 1.000000
1.000000 0.000000 0.000000 0.000000 0.000000 1.000000 0.000000 0.000000 0.000000 0.000000 1.000000 0.000000 0.000000 0.000000 0.000000 1.000000
1.000000 0.000000 0.000000 0.000000 0.000000 1.000000 0.000000 0.000000 0.000000 0.000000 1.000000 0.000000 0.000000 0.000000 0.000000 1.000000
1.000000 0.000000 0.000000 0.000000 0.000000 1.000000 0.000000 0.000000 0.000000 0.000000 1.000000 0.000000 0.000000 0.000000 0.000000 1.000000
1.000000 0.000000 0.000000 0.000000 0.000000 1.000000 0.000000 0.000000 0.000000 0.000000 1.000000 0.000000 0.000000 0.000000 0.000000 1.000000
1.000000 0.000000 0.000000 0.000000 0.000000 1.000000 0.000000 0.000000 0.000000 0.000000 1.000000 0.000000 0.000000 0.000000 0.000000 1.000000
1.000000 0.000000 0.000000 0.000000 0.000000 1.000000 0.000000 0.000000 0.000000 0.000000 1.000000 0.000000 0.000000 0.000000 0.000000 1.000000
1.000000 0.000000 0.000000 0.000000 0.000000 1.000000 0.000000 0.000000 0.000000 0.000000 1.000000 0.000000 0.000000 0.000000 0.000000 1.000000
1.000000 0.000000 0.000000 0.000000 0.000000 1.000000 0.000000 0.000000 0.000000 0.000000 1.000000 0.000000 0.000000 0.000000 0.000000 1.000000
1.000000 0.000000 0.000000 0.000000 0.000000 1.000000 0.000000 0.000000 0.000000 0.000000 1.000000 0.000000 0.000000 0.000000 0.000000 1.000000
1.000000 0.000000 0.000000 0.000000 0.000000 1.000000 0.000000 0.000000 0.000000 0.000000 1.000000 0.000000 0.000000 0.000000 0.000000 1.000000
1.000000 0.000000 0.000000 0.000000 0.000000 1.000000 0.000000 0.000000 0.000000 0.000000 1.000000 0.000000 0.000000 0.000000 0.000000 1.000000
1.000000 0.000000 0.000000 0.000000 0.000000 1.000000 0.000000 0.000000 0.000000 0.000000 1.000000 0.000000 0.000000 0.000000 0.000000 1.000000
1.000000 0.000000 0.000000 0.000000 0.000000 1.000000 0.000000 0.000000 0.000000 0.000000 1.000000 0.000000 0.000000 0.000000 0.000000 1.000000
1.000000 0.000000 0.000000 0.000000 0.000000 1.000000 0.000000 0.000000 0.000000 0.000000 1.000000 0.000000 0.000000 0.000000 0.000000 1.000000
1.000000 0.000000 0.000000 0.000000 0.000000 1.000000 0.000000 0.000000 0.000000 0.000000 1.000000 0.000000 0.000000 0.000000 0.000000 1.000000</float_array><technique_common><accessor source="#root_jnt-Matrix-animation-output-transform-array" count="121" stride="16"><param type="float4x4"/></accessor></technique_common></source><source id="root_jnt-Interpolations"><Name_array id="root_jnt-Interpolations-array" count="121">
 LINEAR LINEAR LINEAR LINEAR LINEAR LINEAR LINEAR LINEAR LINEAR LINEAR LINEAR
LINEAR LINEAR LINEAR LINEAR LINEAR LINEAR LINEAR LINEAR LINEAR LINEAR LINEAR LINEAR
LINEAR LINEAR LINEAR LINEAR LINEAR LINEAR LINEAR LINEAR LINEAR LINEAR LINEAR LINEAR
LINEAR LINEAR LINEAR LINEAR LINEAR LINEAR LINEAR LINEAR LINEAR LINEAR LINEAR LINEAR
LINEAR LINEAR LINEAR LINEAR LINEAR LINEAR LINEAR LINEAR LINEAR LINEAR LINEAR LINEAR
LINEAR LINEAR LINEAR LINEAR LINEAR LINEAR LINEAR LINEAR LINEAR LINEAR LINEAR LINEAR
LINEAR LINEAR LINEAR LINEAR LINEAR LINEAR LINEAR LINEAR LINEAR LINEAR LINEAR LINEAR
LINEAR LINEAR LINEAR LINEAR LINEAR LINEAR LINEAR LINEAR LINEAR LINEAR LINEAR LINEAR
LINEAR LINEAR LINEAR LINEAR LINEAR LINEAR LINEAR LINEAR LINEAR LINEAR LINEAR LINEAR
LINEAR LINEAR LINEAR LINEAR LINEAR LINEAR LINEAR LINEAR LINEAR LINEAR LINEAR LINEAR
LINEAR LINEAR</Name_array><technique_common><accessor source="#root_jnt-Interpolations-array" count="121"><param type="name"/></accessor></technique_common></source><sampler id="root_jnt-Matrix-animation-transform"><input semantic="INPUT" source="#root_jnt-Matrix-animation-input"/><input semantic="OUTPUT" source="#root_jnt-Matrix-animation-output-transform"/><input semantic="INTERPOLATION" source="#root_jnt-Interpolations"/></sampler><channel source="#root_jnt-Matrix-animation-transform" target="root_jnt/matrix"/></animation></animation>
    <animation id="r_door_jnt-anim" name="r_door_jnt"><animation><source id="r_door_jnt-Matrix-animation-input"><float_array id="r_door_jnt-Matrix-animation-input-array" count="121">

0.000000 0.033333 0.066667 0.100000 0.133333 0.166667 0.200000 0.233333 0.266667 0.300000 0.333333 0.366667 0.400000 0.433333 0.466667 0.500000
0.533333 0.566667 0.600000 0.633333 0.666667 0.700000 0.733333 0.766667 0.800000 0.833333 0.866667 0.900000 0.933333 0.966667 1.000000 1.033333
1.066667 1.100000 1.133333 1.166667 1.200000 1.233333 1.266667 1.300000 1.333333 1.366667 1.400000 1.433333 1.466667 1.500000 1.533333 1.566667
1.600000 1.633333 1.666667 1.700000 1.733333 1.766667 1.800000 1.833333 1.866667 1.900000 1.933333 1.966667 2.000000 2.033333 2.066667 2.100000
2.133333 2.166667 2.200000 2.233333 2.266667 2.300000 2.333333 2.366667 2.400000 2.433333 2.466667 2.500000 2.533333 2.566667 2.600000 2.633333
2.666667 2.700000 2.733333 2.766667 2.800000 2.833333 2.866667 2.900000 2.933333 2.966667 3.000000 3.033333 3.066667 3.100000 3.133333 3.166667
3.200000 3.233333 3.266667 3.300000 3.333333 3.366667 3.400000 3.433333 3.466667 3.500000 3.533333 3.566667 3.600000 3.633333 3.666667 3.700000
3.733333 3.766667 3.800000 3.833333 3.866667 3.900000 3.933333 3.966667 4.000000</float_array><technique_common><accessor source="#r_door_jnt-Matrix-animation-input-array" count="121"><param name="TIME" type="float"/></accessor></technique_common></source><source id="r_door_jnt-Matrix-animation-output-transform"><float_array id="r_door_jnt-Matrix-animation-output-transform-array" count="1936">

-0.741505 0.000000 -0.670948 -11.132685 0.000000 1.000000 0.000000 -0.372553 0.670948 0.000000 -0.741505 3.433525 0.000000 0.000000 0.000000 1.000000
-0.737691 0.000000 -0.675138 -11.132685 0.000000 1.000000 0.000000 -0.372553 0.675138 0.000000 -0.737691 3.433525 0.000000 0.000000 0.000000 1.000000
-0.727307 0.000000 -0.686313 -11.132685 0.000000 1.000000 0.000000 -0.372553 0.686313 0.000000 -0.727307 3.433525 0.000000 0.000000 0.000000 1.000000
-0.710062 0.000000 -0.704139 -11.132685 0.000000 1.000000 0.000000 -0.372553 0.704139 0.000000 -0.710062 3.433525 0.000000 0.000000 0.000000 1.000000
-0.686294 0.000000 -0.727324 -11.132685 0.000000 1.000000 0.000000 -0.372553 0.727324 0.000000 -0.686294 3.433525 0.000000 0.000000 0.000000 1.000000
-0.656103 0.000000 -0.754671 -11.132685 0.000000 1.000000 0.000000 -0.372553 0.754671 0.000000 -0.656103 3.433525 0.000000 0.000000 0.000000 1.000000
-0.619634 0.000000 -0.784891 -11.132685 0.000000 1.000000 0.000000 -0.372553 0.784891 0.000000 -0.619634 3.433525 0.000000 0.000000 0.000000 1.000000
-0.577113 0.000000 -0.816664 -11.132685 0.000000 1.000000 0.000000 -0.372553 0.816664 0.000000 -0.577113 3.433525 0.000000 0.000000 0.000000 1.000000
-0.528852 0.000000 -0.848714 -11.132685 0.000000 1.000000 0.000000 -0.372553 0.848714 0.000000 -0.528852 3.433525 0.000000 0.000000 0.000000 1.000000
-0.475316 0.000000 -0.879815 -11.132685 0.000000 1.000000 0.000000 -0.372553 0.879815 0.000000 -0.475316 3.433525 0.000000 0.000000 0.000000 1.000000
-0.417128 0.000000 -0.908848 -11.132685 0.000000 1.000000 0.000000 -0.372553 0.908848 0.000000 -0.417128 3.433525 0.000000 0.000000 0.000000 1.000000
-0.355111 0.000000 -0.934824 -11.132685 0.000000 1.000000 0.000000 -0.372553 0.934824 0.000000 -0.355111 3.433525 0.000000 0.000000 0.000000 1.000000
-0.290243 0.000000 -0.956953 -11.132685 0.000000 1.000000 0.000000 -0.372553 0.956953 0.000000 -0.290243 3.433525 0.000000 0.000000 0.000000 1.000000
-0.223587 0.000000 -0.974684 -11.132685 0.000000 1.000000 0.000000 -0.372553 0.974684 0.000000 -0.223587 3.433525 0.000000 0.000000 0.000000 1.000000
-0.156297 0.000000 -0.987710 -11.132685 0.000000 1.000000 0.000000 -0.372553 0.987710 0.000000 -0.156297 3.433525 0.000000 0.000000 0.000000 1.000000
-0.089571 0.000000 -0.995980 -11.132685 0.000000 1.000000 0.000000 -0.372553 0.995980 0.000000 -0.089571 3.433525 0.000000 0.000000 0.000000 1.000000
-0.024649 0.000000 -0.999696 -11.132685 0.000000 1.000000 0.000000 -0.372553 0.999696 0.000000 -0.024649 3.433525 0.000000 0.000000 0.000000 1.000000
0.037265 0.000000 -0.999305 -11.132685 0.000000 1.000000 0.000000 -0.372553 0.999305 0.000000 0.037265 3.433525 0.000000 0.000000 0.000000 1.000000
0.095071 0.000000 -0.995470 -11.132685 0.000000 1.000000 0.000000 -0.372553 0.995470 0.000000 0.095071 3.433525 0.000000 0.000000 0.000000 1.000000
0.147760 0.000000 -0.989023 -11.132685 0.000000 1.000000 0.000000 -0.372553 0.989023 0.000000 0.147760 3.433525 0.000000 0.000000 0.000000 1.000000
0.194423 0.000000 -0.980918 -11.132685 0.000000 1.000000 0.000000 -0.372553 0.980918 0.000000 0.194423 3.433525 0.000000 0.000000 0.000000 1.000000
0.234212 0.000000 -0.972186 -11.132685 0.000000 1.000000 0.000000 -0.372553 0.972186 0.000000 0.234212 3.433525 0.000000 0.000000 0.000000 1.000000
0.266357 0.000000 -0.963874 -11.132685 0.000000 1.000000 0.000000 -0.372553 0.963874 0.000000 0.266357 3.433525 0.000000 0.000000 0.000000 1.000000
0.290180 0.000000 -0.956972 -11.132685 0.000000 1.000000 0.000000 -0.372553 0.956972 0.000000 0.290180 3.433525 0.000000 0.000000 0.000000 1.000000
0.305076 0.000000 -0.952328 -11.132685 0.000000 1.000000 0.000000 -0.372553 0.952328 0.000000 0.305076 3.433525 0.000000 0.000000 0.000000 1.000000
0.310136 0.000000 -0.950692 -11.132685 0.000000 1.000000 0.000000 -0.372553 0.950692 0.000000 0.310136 3.433525 0.000000 0.000000 0.000000 1.000000
0.301735 0.000000 -0.953392 -11.132685 0.000000 1.000000 0.000000 -0.372553 0.953392 0.000000 0.301735 3.433525 0.000000 0.000000 0.000000 1.000000
0.277972 0.000000 -0.960589 -11.132685 0.000000 1.000000 0.000000 -0.372553 0.960589 0.000000 0.277972 3.433525 0.000000 0.000000 0.000000 1.000000
0.239863 0.000000 -0.970807 -11.132685 0.000000 1.000000 0.000000 -0.372553 0.970807 0.000000 0.239863 3.433525 0.000000 0.000000 0.000000 1.000000
0.188787 0.000000 -0.982018 -11.132685 0.000000 1.000000 0.000000 -0.372553 0.982018 0.000000 0.188787 3.433525 0.000000 0.000000 0.000000 1.000000
0.126129 0.000000 -0.992014 -11.132685 0.000000 1.000000 0.000000 -0.372553 0.992014 0.000000 0.126129 3.433525 0.000000 0.000000 0.000000 1.000000
0.053572 0.000000 -0.998564 -11.132685 0.000000 1.000000 0.000000 -0.372553 0.998564 0.000000 0.053572 3.433525 0.000000 0.000000 0.000000 1.000000
-0.026921 0.000000 -0.999638 -11.132685 0.000000 1.000000 0.000000 -0.372553 0.999638 0.000000 -0.026921 3.433525 0.000000 0.000000 0.000000 1.000000
-0.113178 0.000000 -0.993575 -11.132685 0.000000 1.000000 0.000000 -0.372553 0.993575 0.000000 -0.113178 3.433525 0.000000 0.000000 0.000000 1.000000
-0.202790 0.000000 -0.979222 -11.132685 0.000000 1.000000 0.000000 -0.372553 0.979222 0.000000 -0.202790 3.433525 0.000000 0.000000 0.000000 1.000000
-0.293228 0.000000 -0.956043 -11.132685 0.000000 1.000000 0.000000 -0.372553 0.956043 0.000000 -0.293228 3.433525 0.000000 0.000000 0.000000 1.000000
-0.381900 0.000000 -0.924204 -11.132685 0.000000 1.000000 0.000000 -0.372553 0.924204 0.000000 -0.381900 3.433525 0.000000 0.000000 0.000000 1.000000
-0.466387 0.000000 -0.884581 -11.132685 0.000000 1.000000 0.000000 -0.372553 0.884581 0.000000 -0.466387 3.433525 0.000000 0.000000 0.000000 1.000000
-0.544653 0.000000 -0.838662 -11.132685 0.000000 1.000000 0.000000 -0.372553 0.838662 0.000000 -0.544653 3.433525 0.000000 0.000000 0.000000 1.000000
-0.615077 0.000000 -0.788467 -11.132685 0.000000 1.000000 0.000000 -0.372553 0.788467 0.000000 -0.615077 3.433525 0.000000 0.000000 0.000000 1.000000
-0.676537 0.000000 -0.736408 -11.132685 0.000000 1.000000 0.000000 -0.372553 0.736408 0.000000 -0.676537 3.433525 0.000000 0.000000 0.000000 1.000000
-0.728355 0.000000 -0.685200 -11.132685 0.000000 1.000000 0.000000 -0.372553 0.685200 0.000000 -0.728355 3.433525 0.000000 0.000000 0.000000 1.000000
-0.770315 0.000000 -0.637664 -11.132685 0.000000 1.000000 0.000000 -0.372553 0.637664 0.000000 -0.770315 3.433525 0.000000 0.000000 0.000000 1.000000
-0.802588 0.000000 -0.596533 -11.132685 0.000000 1.000000 0.000000 -0.372553 0.596533 0.000000 -0.802588 3.433525 0.000000 0.000000 0.000000 1.000000
-0.825501 0.000000 -0.564401 -11.132685 0.000000 1.000000 0.000000 -0.372553 0.564401 0.000000 -0.825501 3.433525 0.000000 0.000000 0.000000 1.000000
-0.839338 0.000000 -0.543609 -11.132685 0.000000 1.000000 0.000000 -0.372553 0.543609 0.000000 -0.839338 3.433525 0.000000 0.000000 0.000000 1.000000
-0.843975 0.000000 -0.536383 -11.132685 0.000000 1.000000 0.000000 -0.372553 0.536383 0.000000 -0.843975 3.433525 0.000000 0.000000 0.000000 1.000000
-0.839759 0.000000 -0.542960 -11.132685 0.000000 1.000000 0.000000 -0.372553 0.542960 0.000000 -0.839759 3.433525 0.000000 0.000000 0.000000 1.000000
-0.827560 0.000000 -0.561378 -11.132685 0.000000 1.000000 0.000000 -0.372553 0.561378 0.000000 -0.827560 3.433525 0.000000 0.000000 0.000000 1.000000
-0.808020 0.000000 -0.589155 -11.132685 0.000000 1.000000 0.000000 -0.372553 0.589155 0.000000 -0.808020 3.433525 0.000000 0.000000 0.000000 1.000000
-0.781631 0.000000 -0.623741 -11.132685 0.000000 1.000000 0.000000 -0.372553 0.623741 0.000000 -0.781631 3.433525 0.000000 0.000000 0.000000 1.000000
-0.749069 0.000000 -0.662492 -11.132685 0.000000 1.000000 0.000000 -0.372553 0.662492 0.000000 -0.749069 3.433525 0.000000 0.000000 0.000000 1.000000
-0.711306 0.000000 -0.702882 -11.132685 0.000000 1.000000 0.000000 -0.372553 0.702882 0.000000 -0.711306 3.433525 0.000000 0.000000 0.000000 1.000000
-0.669621 0.000000 -0.742703 -11.132685 0.000000 1.000000 0.000000 -0.372553 0.742703 0.000000 -0.669621 3.433525 0.000000 0.000000 0.000000 1.000000
-0.625698 0.000000 -0.780065 -11.132685 0.000000 1.000000 0.000000 -0.372553 0.780065 0.000000 -0.625698 3.433525 0.000000 0.000000 0.000000 1.000000
-0.581575 0.000000 -0.813493 -11.132685 0.000000 1.000000 0.000000 -0.372553 0.813493 0.000000 -0.581575 3.433525 0.000000 0.000000 0.000000 1.000000
-0.539669 0.000000 -0.841877 -11.132685 0.000000 1.000000 0.000000 -0.372553 0.841877 0.000000 -0.539669 3.433525 0.000000 0.000000 0.000000 1.000000
-0.502594 0.000000 -0.864522 -11.132685 0.000000 1.000000 0.000000 -0.372553 0.864522 0.000000 -0.502594 3.433525 0.000000 0.000000 0.000000 1.000000
-0.472963 0.000000 -0.881082 -11.132685 0.000000 1.000000 0.000000 -0.372553 0.881082 0.000000 -0.472963 3.433525 0.000000 0.000000 0.000000 1.000000
-0.453311 0.000000 -0.891352 -11.132685 0.000000 1.000000 0.000000 -0.372553 0.891352 0.000000 -0.453311 3.433525 0.000000 0.000000 0.000000 1.000000
-0.446276 0.000000 -0.894895 -11.132685 0.000000 1.000000 0.000000 -0.372553 0.894895 0.000000 -0.446276 3.433525 0.000000 0.000000 0.000000 1.000000
-0.456810 0.000000 -0.889564 -11.132685 0.000000 1.000000 0.000000 -0.372553 0.889564 0.000000 -0.456810 3.433525 0.000000 0.000000 0.000000 1.000000
-0.485522 0.000000 -0.874224 -11.132685 0.000000 1.000000 0.000000 -0.372553 0.874224 0.000000 -0.485522 3.433525 0.000000 0.000000 0.000000 1.000000
-0.529035 0.000000 -0.848600 -11.132685 0.000000 1.000000 0.000000 -0.372553 0.848600 0.000000 -0.529035 3.433525 0.000000 0.000000 0.000000 1.000000
-0.583137 0.000000 -0.812374 -11.132685 0.000000 1.000000 0.000000 -0.372553 0.812374 0.000000 -0.583137 3.433525 0.000000 0.000000 0.000000 1.000000
-0.643564 0.000000 -0.765393 -11.132685 0.000000 1.000000 0.000000 -0.372553 0.765393 0.000000 -0.643564 3.433525 0.000000 0.000000 0.000000 1.000000
-0.705987 0.000000 -0.708225 -11.132685 0.000000 1.000000 0.000000 -0.372553 0.708225 0.000000 -0.705987 3.433525 0.000000 0.000000 0.000000 1.000000
-0.766432 0.000000 -0.642325 -11.132685 0.000000 1.000000 0.000000 -0.372553 0.642325 0.000000 -0.766432 3.433525 0.000000 0.000000 0.000000 1.000000
-0.821662 0.000000 -0.569975 -11.132685 0.000000 1.000000 0.000000 -0.372553 0.569975 0.000000 -0.821662 3.433525 0.000000 0.000000 0.000000 1.000000
-0.869295 0.000000 -0.494294 -11.132685 0.000000 1.000000 0.000000 -0.372553 0.494294 0.000000 -0.869295 3.433525 0.000000 0.000000 0.000000 1.000000
-0.907982 0.000000 -0.419008 -11.132685 0.000000 1.000000 0.000000 -0.372553 0.419008 0.000000 -0.907982 3.433525 0.000000 0.000000 0.000000 1.000000
-0.937371 0.000000 -0.348334 -11.132685 0.000000 1.000000 0.000000 -0.372553 0.348334 0.000000 -0.937371 3.433525 0.000000 0.000000 0.000000 1.000000
-0.958052 0.000000 -0.286594 -11.132685 0.000000 1.000000 0.000000 -0.372553 0.286594 0.000000 -0.958052 3.433525 0.000000 0.000000 0.000000 1.000000
-0.971298 0.000000 -0.237866 -11.132685 0.000000 1.000000 0.000000 -0.372553 0.237866 0.000000 -0.971298 3.433525 0.000000 0.000000 0.000000 1.000000
-0.978528 0.000000 -0.206113 -11.132685 0.000000 1.000000 0.000000 -0.372553 0.206113 0.000000 -0.978528 3.433525 0.000000 0.000000 0.000000 1.000000
-0.980891 0.000000 -0.194558 -11.132685 0.000000 1.000000 0.000000 -0.372553 0.194558 0.000000 -0.980891 3.433525 0.000000 0.000000 0.000000 1.000000
-0.979242 0.000000 -0.202696 -11.132685 0.000000 1.000000 0.000000 -0.372553 0.202696 0.000000 -0.979242 3.433525 0.000000 0.000000 0.000000 1.000000
-0.974077 0.000000 -0.226216 -11.132685 0.000000 1.000000 0.000000 -0.372553 0.226216 0.000000 -0.974077 3.433525 0.000000 0.000000 0.000000 1.000000
-0.964727 0.000000 -0.263251 -11.132685 0.000000 1.000000 0.000000 -0.372553 0.263251 0.000000 -0.964727 3.433525 0.000000 0.000000 0.000000 1.000000
-0.950081 0.000000 -0.312004 -11.132685 0.000000 1.000000 0.000000 -0.372553 0.312004 0.000000 -0.950081 3.433525 0.000000 0.000000 0.000000 1.000000
-0.928867 0.000000 -0.370414 -11.132685 0.000000 1.000000 0.000000 -0.372553 0.370414 0.000000 -0.928867 3.433525 0.000000 0.000000 0.000000 1.000000
-0.899872 0.000000 -0.436155 -11.132685 0.000000 1.000000 0.000000 -0.372553 0.436155 0.000000 -0.899872 3.433525 0.000000 0.000000 0.000000 1.000000
-0.862116 0.000000 -0.506711 -11.132685 0.000000 1.000000 0.000000 -0.372553 0.506711 0.000000 -0.862116 3.433525 0.000000 0.000000 0.000000 1.000000
-0.814967 0.000000 -0.579507 -11.132685 0.000000 1.000000 0.000000 -0.372553 0.579507 0.000000 -0.814967 3.433525 0.000000 0.000000 0.000000 1.000000
-0.758283 0.000000 -0.651926 -11.132685 0.000000 1.000000 0.000000 -0.372553 0.651926 0.000000 -0.758283 3.433525 0.000000 0.000000 0.000000 1.000000
-0.692468 0.000000 -0.721449 -11.132685 0.000000 1.000000 0.000000 -0.372553 0.721449 0.000000 -0.692468 3.433525 0.000000 0.000000 0.000000 1.000000
-0.618547 0.000000 -0.785748 -11.132685 0.000000 1.000000 0.000000 -0.372553 0.785748 0.000000 -0.618547 3.433525 0.000000 0.000000 0.000000 1.000000
-0.538091 0.000000 -0.842887 -11.132685 0.000000 1.000000 0.000000 -0.372553 0.842887 0.000000 -0.538091 3.433525 0.000000 0.000000 0.000000 1.000000
-0.453071 0.000000 -0.891474 -11.132685 0.000000 1.000000 0.000000 -0.372553 0.891474 0.000000 -0.453071 3.433525 0.000000 0.000000 0.000000 1.000000
-0.365784 0.000000 -0.930700 -11.132685 0.000000 1.000000 0.000000 -0.372553 0.930700 0.000000 -0.365784 3.433525 0.000000 0.000000 0.000000 1.000000
-0.278699 0.000000 -0.960379 -11.132685 0.000000 1.000000 0.000000 -0.372553 0.960379 0.000000 -0.278699 3.433525 0.000000 0.000000 0.000000 1.000000
-0.194387 0.000000 -0.980925 -11.132685 0.000000 1.000000 0.000000 -0.372553 0.980925 0.000000 -0.194387 3.433525 0.000000 0.000000 0.000000 1.000000
-0.115330 0.000000 -0.993327 -11.132685 0.000000 1.000000 0.000000 -0.372553 0.993327 0.000000 -0.115330 3.433525 0.000000 0.000000 0.000000 1.000000
-0.043756 0.000000 -0.999042 -11.132685 0.000000 1.000000 0.000000 -0.372553 0.999042 0.000000 -0.043756 3.433525 0.000000 0.000000 0.000000 1.000000
0.018345 0.000000 -0.999832 -11.132685 0.000000 1.000000 0.000000 -0.372553 0.999832 0.000000 0.018345 3.433525 0.000000 0.000000 0.000000 1.000000
0.069239 0.000000 -0.997600 -11.132685 0.000000 1.000000 0.000000 -0.372553 0.997600 0.000000 0.069239 3.433525 0.000000 0.000000 0.000000 1.000000
0.107347 0.000000 -0.994222 -11.132685 0.000000 1.000000 0.000000 -0.372553 0.994222 0.000000 0.107347 3.433525 0.000000 0.000000 0.000000 1.000000
0.130936 0.000000 -0.991391 -11.132685 0.000000 1.000000 0.000000 -0.372553 0.991391 0.000000 0.130936 3.433525 0.000000 0.000000 0.000000 1.000000
0.139327 0.000000 -0.990246 -11.132685 0.000000 1.000000 0.000000 -0.372553 0.990246 0.000000 0.139327 3.433525 0.000000 0.000000 0.000000 1.000000
0.133739 0.000000 -0.991017 -11.132685 0.000000 1.000000 0.000000 -0.372553 0.991017 0.000000 0.133739 3.433525 0.000000 0.000000 0.000000 1.000000
0.116908 0.000000 -0.993143 -11.132685 0.000000 1.000000 0.000000 -0.372553 0.993143 0.000000 0.116908 3.433525 0.000000 0.000000 0.000000 1.000000
0.090291 0.000000 -0.995915 -11.132685 0.000000 1.000000 0.000000 -0.372553 0.995915 0.000000 0.090291 3.433525 0.000000 0.000000 0.000000 1.000000
0.054862 0.000000 -0.998494 -11.132685 0.000000 1.000000 0.000000 -0.372553 0.998494 0.000000 0.054862 3.433525 0.000000 0.000000 0.000000 1.000000
0.011678 0.000000 -0.999932 -11.132685 0.000000 1.000000 0.000000 -0.372553 0.999932 0.000000 0.011678 3.433525 0.000000 0.000000 0.000000 1.000000
-0.038125 0.000000 -0.999273 -11.132685 0.000000 1.000000 0.000000 -0.372553 0.999273 0.000000 -0.038125 3.433525 0.000000 0.000000 0.000000 1.000000
-0.093334 0.000000 -0.995635 -11.132685 0.000000 1.000000 0.000000 -0.372553 0.995635 0.000000 -0.093334 3.433525 0.000000 0.000000 0.000000 1.000000
-0.152603 0.000000 -0.988288 -11.132685 0.000000 1.000000 0.000000 -0.372553 0.988288 0.000000 -0.152603 3.433525 0.000000 0.000000 0.000000 1.000000
-0.214522 0.000000 -0.976719 -11.132685 0.000000 1.000000 0.000000 -0.372553 0.976719 0.000000 -0.214522 3.433525 0.000000 0.000000 0.000000 1.000000
-0.277695 0.000000 -0.960669 -11.132685 0.000000 1.000000 0.000000 -0.372553 0.960669 0.000000 -0.277695 3.433525 0.000000 0.000000 0.000000 1.000000
-0.340729 0.000000 -0.940161 -11.132685 0.000000 1.000000 0.000000 -0.372553 0.940161 0.000000 -0.340729 3.433525 0.000000 0.000000 0.000000 1.000000
-0.402292 0.000000 -0.915512 -11.132685 0.000000 1.000000 0.000000 -0.372553 0.915512 0.000000 -0.402292 3.433525 0.000000 0.000000 0.000000 1.000000
-0.461110 0.000000 -0.887343 -11.132685 0.000000 1.000000 0.000000 -0.372553 0.887343 0.000000 -0.461110 3.433525 0.000000 0.000000 0.000000 1.000000
-0.516061 0.000000 -0.856552 -11.132685 0.000000 1.000000 0.000000 -0.372553 0.856552 0.000000 -0.516061 3.433525 0.000000 0.000000 0.000000 1.000000
-0.566245 0.000000 -0.824237 -11.132685 0.000000 1.000000 0.000000 -0.372553 0.824237 0.000000 -0.566245 3.433525 0.000000 0.000000 0.000000 1.000000
-0.610942 0.000000 -0.791675 -11.132685 0.000000 1.000000 0.000000 -0.372553 0.791675 0.000000 -0.610942 3.433525 0.000000 0.000000 0.000000 1.000000
