<?xml version="1.0" encoding="utf-8"?>
<COLLADA xmlns="http://www.collada.org/2005/11/COLLADASchema" version="1.4.1">
  <asset><contributor><author></author><authoring_tool>FBX COLLADA exporter</authoring_tool><comments></comments></contributor><created>2018-12-04T14:25:27Z</created><keywords></keywords><modified>2018-12-04T14:25:27Z</modified><revision></revision><subject></subject><title></title><unit meter="0.010000" name="centimeter"></unit><up_axis>Y_UP</up_axis></asset>
  <library_animations>
    <animation id="root_jnt-anim" name="root_jnt"><animation><source id="root_jnt-Matrix-animation-input"><float_array id="root_jnt-Matrix-animation-input-array" count="21">

0.000000 0.033333 0.066667 0.100000 0.133333 0.166667 0.200000 0.233333 0.266667 0.300000 0.333333 0.366667 0.400000 0.433333 0.466667 0.500000
0.533333 0.566667 0.600000 0.633333 0.666667</float_array><technique_common><accessor source="#root_jnt-Matrix-animation-input-array" count="21"><param name="TIME" type="float"/></accessor></technique_common></source><source id="root_jnt-Matrix-animation-output-transform"><float_array id="root_jnt-Matrix-animation-output-transform-array" count="336">

1.000000 0.000000 0.000000 0.000000 0.000000 1.000000 0.000000 0.000000 0.000000 0.000000 1.000000 0.000000 0.000000 0.000000 0.000000 1.000000
1.000000 0.000000 0.000000 0.000000 0.000000 1.000000 0.000000 0.000000 0.000000 0.000000 1.000000 0.000000 0.000000 0.000000 0.000000 1.000000
1.000000 0.000000 0.000000 0.000000 0.000000 1.000000 0.000000 0.000000 0.000000 0.000000 1.000000 0.000000 0.000000 0.000000 0.000000 1.000000
1.000000 0.000000 0.000000 0.000000 0.000000 1.000000 0.000000 0.000000 0.000000 0.000000 1.000000 0.000000 0.000000 0.000000 0.000000 1.000000
1.000000 0.000000 0.000000 0.000000 0.000000 1.000000 0.000000 0.000000 0.000000 0.000000 1.000000 0.000000 0.000000 0.000000 0.000000 1.000000
1.000000 0.000000 0.000000 0.000000 0.000000 1.000000 0.000000 0.000000 0.000000 0.000000 1.000000 0.000000 0.000000 0.000000 0.000000 1.000000
1.000000 0.000000 0.000000 0.000000 0.000000 1.000000 0.000000 0.000000 0.000000 0.000000 1.000000 0.000000 0.000000 0.000000 0.000000 1.000000
1.000000 0.000000 0.000000 0.000000 0.000000 1.000000 0.000000 0.000000 0.000000 0.000000 1.000000 0.000000 0.000000 0.000000 0.000000 1.000000
1.000000 0.000000 0.000000 0.000000 0.000000 1.000000 0.000000 0.000000 0.000000 0.000000 1.000000 0.000000 0.000000 0.000000 0.000000 1.000000
1.000000 0.000000 0.000000 0.000000 0.000000 1.000000 0.000000 0.000000 0.000000 0.000000 1.000000 0.000000 0.000000 0.000000 0.000000 1.000000
1.000000 0.000000 0.000000 0.000000 0.000000 1.000000 0.000000 0.000000 0.000000 0.000000 1.000000 0.000000 0.000000 0.000000 0.000000 1.000000
1.000000 0.000000 0.000000 0.000000 0.000000 1.000000 0.000000 0.000000 0.000000 0.000000 1.000000 0.000000 0.000000 0.000000 0.000000 1.000000
1.000000 0.000000 0.000000 0.000000 0.000000 1.000000 0.000000 0.000000 0.000000 0.000000 1.000000 0.000000 0.000000 0.000000 0.000000 1.000000
1.000000 0.000000 0.000000 0.000000 0.000000 1.000000 0.000000 0.000000 0.000000 0.000000 1.000000 0.000000 0.000000 0.000000 0.000000 1.000000
1.000000 0.000000 0.000000 0.000000 0.000000 1.000000 0.000000 0.000000 0.000000 0.000000 1.000000 0.000000 0.000000 0.000000 0.000000 1.000000
1.000000 0.000000 0.000000 0.000000 0.000000 1.000000 0.000000 0.000000 0.000000 0.000000 1.000000 0.000000 0.000000 0.000000 0.000000 1.000000
1.000000 0.000000 0.000000 0.000000 0.000000 1.000000 0.000000 0.000000 0.000000 0.000000 1.000000 0.000000 0.000000 0.000000 0.000000 1.000000
1.000000 0.000000 0.000000 0.000000 0.000000 1.000000 0.000000 0.000000 0.000000 0.000000 1.000000 0.000000 0.000000 0.000000 0.000000 1.000000
1.000000 0.000000 0.000000 0.000000 0.000000 1.000000 0.000000 0.000000 0.000000 0.000000 1.000000 0.000000 0.000000 0.000000 0.000000 1.000000
1.000000 0.000000 0.000000 0.000000 0.000000 1.000000 0.000000 0.000000 0.000000 0.000000 1.000000 0.000000 0.000000 0.000000 0.000000 1.000000
1.000000 0.000000 0.000000 0.000000 0.000000 1.000000 0.000000 0.000000 0.000000 0.000000 1.000000 0.000000 0.000000 0.000000 0.000000 1.000000</float_array><technique_common><accessor source="#root_jnt-Matrix-animation-output-transform-array" count="21" stride="16"><param type="float4x4"/></accessor></technique_common></source><source id="root_jnt-Interpolations"><Name_array id="root_jnt-Interpolations-array" count="21">
 LINEAR LINEAR LINEAR LINEAR LINEAR LINEAR LINEAR LINEAR LINEAR LINEAR LINEAR
LINEAR LINEAR LINEAR LINEAR LINEAR LINEAR LINEAR LINEAR LINEAR LINEAR</Name_array><technique_common><accessor source="#root_jnt-Interpolations-array" count="21"><param type="name"/></accessor></technique_common></source><sampler id="root_jnt-Matrix-animation-transform"><input semantic="INPUT" source="#root_jnt-Matrix-animation-input"/><input semantic="OUTPUT" source="#root_jnt-Matrix-animation-output-transform"/><input semantic="INTERPOLATION" source="#root_jnt-Interpolations"/></sampler><channel source="#root_jnt-Matrix-animation-transform" target="root_jnt/matrix"/></animation></animation>
    <animation id="r_door_jnt-anim" name="r_door_jnt"><animation><source id="r_door_jnt-Matrix-animation-input"><float_array id="r_door_jnt-Matrix-animation-input-array" count="21">

0.000000 0.033333 0.066667 0.100000 0.133333 0.166667 0.200000 0.233333 0.266667 0.300000 0.333333 0.366667 0.400000 0.433333 0.466667 0.500000
0.533333 0.566667 0.600000 0.633333 0.666667</float_array><technique_common><accessor source="#r_door_jnt-Matrix-animation-input-array" count="21"><param name="TIME" type="float"/></accessor></technique_common></source><source id="r_door_jnt-Matrix-animation-output-transform"><float_array id="r_door_jnt-Matrix-animation-output-transform-array" count="336">

1.000000 0.000000 0.000000 -11.132685 0.000000 1.000000 0.000000 -0.372553 0.000000 0.000000 1.000000 3.433525 0.000000 0.000000 0.000000 1.000000
0.984450 0.000000 -0.175664 -11.132685 0.000000 1.000000 0.000000 -0.372553 0.175664 0.000000 0.984450 3.433525 0.000000 0.000000 0.000000 1.000000
0.828845 0.000000 -0.559478 -11.132685 0.000000 1.000000 0.000000 -0.372553 0.559478 0.000000 0.828845 3.433525 0.000000 0.000000 0.000000 1.000000
0.384325 0.000000 -0.923198 -11.132685 0.000000 1.000000 0.000000 -0.372553 0.923198 0.000000 0.384325 3.433525 0.000000 0.000000 0.000000 1.000000
-0.238771 0.000000 -0.971076 -11.132685 0.000000 1.000000 0.000000 -0.372553 0.971076 0.000000 -0.238771 3.433525 0.000000 0.000000 0.000000 1.000000
-0.735964 0.000000 -0.677021 -11.132685 0.000000 1.000000 0.000000 -0.372553 0.677021 0.000000 -0.735964 3.433525 0.000000 0.000000 0.000000 1.000000
-0.952386 0.000000 -0.304896 -11.132685 0.000000 1.000000 0.000000 -0.372553 0.304896 0.000000 -0.952386 3.433525 0.000000 0.000000 0.000000 1.000000
-0.980705 0.000000 -0.195492 -11.132685 0.000000 1.000000 0.000000 -0.372553 0.195492 0.000000 -0.980705 3.433525 0.000000 0.000000 0.000000 1.000000
-0.920032 0.000000 -0.391844 -11.132685 0.000000 1.000000 0.000000 -0.372553 0.391844 0.000000 -0.920032 3.433525 0.000000 0.000000 0.000000 1.000000
-0.751886 0.000000 -0.659294 -11.132685 0.000000 1.000000 0.000000 -0.372553 0.659294 0.000000 -0.751886 3.433525 0.000000 0.000000 0.000000 1.000000
-0.673886 0.000000 -0.738836 -11.132685 0.000000 1.000000 0.000000 -0.372553 0.738836 0.000000 -0.673886 3.433525 0.000000 0.000000 0.000000 1.000000
-0.617813 0.000000 -0.786325 -11.132685 0.000000 1.000000 0.000000 -0.372553 0.786325 0.000000 -0.617813 3.433525 0.000000 0.000000 0.000000 1.000000
-0.576198 0.000000 -0.817310 -11.132685 0.000000 1.000000 0.000000 -0.372553 0.817310 0.000000 -0.576198 3.433525 0.000000 0.000000 0.000000 1.000000
-0.547676 0.000000 -0.836691 -11.132685 0.000000 1.000000 0.000000 -0.372553 0.836691 0.000000 -0.547676 3.433525 0.000000 0.000000 0.000000 1.000000
-0.531284 0.000000 -0.847194 -11.132685 0.000000 1.000000 0.000000 -0.372553 0.847194 0.000000 -0.531284 3.433525 0.000000 0.000000 0.000000 1.000000
-0.526929 0.000000 -0.849909 -11.132685 0.000000 1.000000 0.000000 -0.372553 0.849909 0.000000 -0.526929 3.433525 0.000000 0.000000 0.000000 1.000000
-0.552557 0.000000 -0.833475 -11.132685 0.000000 1.000000 0.000000 -0.372553 0.833475 0.000000 -0.552557 3.433525 0.000000 0.000000 0.000000 1.000000
-0.608263 0.000000 -0.793736 -11.132685 0.000000 1.000000 0.000000 -0.372553 0.793736 0.000000 -0.608263 3.433525 0.000000 0.000000 0.000000 1.000000
-0.671642 0.000000 -0.740876 -11.132685 0.000000 1.000000 0.000000 -0.372553 0.740876 0.000000 -0.671642 3.433525 0.000000 0.000000 0.000000 1.000000
-0.720154 0.000000 -0.693815 -11.132685 0.000000 1.000000 0.000000 -0.372553 0.693815 0.000000 -0.720154 3.433525 0.000000 0.000000 0.000000 1.000000
-0.741505 0.000000 -0.670948 -11.132685 0.000000 1.000000 0.000000 -0.372553 0.670948 0.000000 -0.741505 3.433525 0.000000 0.000000 0.000000 1.000000</float_array><technique_common><accessor source="#r_door_jnt-Matrix-animation-output-transform-array" count="21" stride="16"><param type="float4x4"/></accessor></technique_common></source><source id="r_door_jnt-Interpolations"><Name_array id="r_door_jnt-Interpolations-array" count="21">
 LINEAR LINEAR LINEAR LINEAR LINEAR LINEAR LINEAR LINEAR LINEAR LINEAR LINEAR
LINEAR LINEAR LINEAR LINEAR LINEAR LINEAR LINEAR LINEAR LINEAR LINEAR</Name_array><technique_common><accessor source="#r_door_jnt-Interpolations-array" count="21"><param type="name"/></accessor></technique_common></source><sampler id="r_door_jnt-Matrix-animation-transform"><input semantic="INPUT" source="#r_door_jnt-Matrix-animation-input"/><input semantic="OUTPUT" source="#r_door_jnt-Matrix-animation-output-transform"/><input semantic="INTERPOLATION" source="#r_door_jnt-Interpolations"/></sampler><channel source="#r_door_jnt-Matrix-animation-transform" target="r_door_jnt/matrix"/></animation></animation>
    <animation id="flag01_jnt-anim" name="flag01_jnt"><animation><source id="flag01_jnt-Matrix-animation-input"><float_array id="flag01_jnt-Matrix-animation-input-array" count="21">

0.000000 0.033333 0.066667 0.100000 0.133333 0.166667 0.200000 0.233333 0.266667 0.300000 0.333333 0.366667 0.400000 0.433333 0.466667 0.500000
0.533333 0.566667 0.600000 0.633333 0.666667</float_array><technique_common><accessor source="#flag01_jnt-Matrix-animation-input-array" count="21"><param name="TIME" type="float"/></accessor></technique_common></source><source id="flag01_jnt-Matrix-animation-output-transform"><float_array id="flag01_jnt-Matrix-animation-output-transform-array" count="336">

1.000000 0.000000 0.000000 9.430000 0.000000 1.000000 0.000000 -0.676000 0.000000 0.000000 1.000000 -2.429000 0.000000 0.000000 0.000000 1.000000
1.000000 0.000000 0.000000 9.430000 0.000000 1.000000 0.000000 -0.612667 0.000000 0.000000 1.000000 -2.429000 0.000000 0.000000 0.000000 1.000000
1.000000 0.000000 0.000000 9.430000 0.000000 1.000000 0.000000 -0.456322 0.000000 0.000000 1.000000 -2.429000 0.000000 0.000000 0.000000 1.000000
1.000000 0.000000 0.000000 9.430000 0.000000 1.000000 0.000000 -0.225394 0.000000 0.000000 1.000000 -2.429000 0.000000 0.000000 0.000000 1.000000
1.000000 0.000000 0.000000 9.430000 0.000000 1.000000 0.000000 0.048667 0.000000 0.000000 1.000000 -2.429000 0.000000 0.000000 0.000000 1.000000
1.000000 0.000000 0.000000 9.430000 0.000000 1.000000 0.000000 0.337773 0.000000 0.000000 1.000000 -2.429000 0.000000 0.000000 0.000000 1.000000
1.000000 0.000000 0.000000 9.430000 0.000000 1.000000 0.000000 0.612568 0.000000 0.000000 1.000000 -2.429000 0.000000 0.000000 0.000000 1.000000
1.000000 0.000000 0.000000 9.430000 0.000000 1.000000 0.000000 0.847307 0.000000 0.000000 1.000000 -2.429000 0.000000 0.000000 0.000000 1.000000
1.000000 0.000000 0.000000 9.430000 0.000000 1.000000 0.000000 0.947509 0.000000 0.000000 1.000000 -2.429000 0.000000 0.000000 0.000000 1.000000
1.000000 0.000000 0.000000 9.430000 0.000000 1.000000 0.000000 1.100820 0.000000 0.000000 1.000000 -2.429000 0.000000 0.000000 0.000000 1.000000
1.000000 0.000000 0.000000 9.430000 0.000000 1.000000 0.000000 1.707665 0.000000 0.000000 1.000000 -2.429000 0.000000 0.000000 0.000000 1.000000
1.000000 0.000000 0.000000 9.430000 0.000000 1.000000 0.000000 2.720512 0.000000 0.000000 1.000000 -2.429000 0.000000 0.000000 0.000000 1.000000
1.000000 0.000000 0.000000 9.430000 0.000000 1.000000 0.000000 3.213424 0.000000 0.000000 1.000000 -2.429000 0.000000 0.000000 0.000000 1.000000
1.000000 0.000000 0.000000 9.430000 0.000000 1.000000 0.000000 3.359435 0.000000 0.000000 1.000000 -2.429000 0.000000 0.000000 0.000000 1.000000
1.000000 -0.000169 0.000000 9.430000 0.000169 1.000000 0.000000 3.404140 0.000000 0.000000 1.000000 -2.429000 0.000000 0.000000 0.000000 1.000000
1.000000 0.000000 0.000000 9.430000 0.000000 1.000000 0.000000 3.480769 0.000000 0.000000 1.000000 -2.429000 0.000000 0.000000 0.000000 1.000000
1.000000 0.000603 0.000000 9.430000 -0.000603 1.000000 0.000000 3.464823 0.000000 0.000000 1.000000 -2.429000 0.000000 0.000000 0.000000 1.000000
0.996948 0.078064 0.000000 9.430000 -0.078064 0.996948 0.000000 3.460101 0.000000 0.000000 1.000000 -2.429000 0.000000 0.000000 0.000000 1.000000
0.975363 0.220605 0.000000 9.430000 -0.220605 0.975363 0.000000 3.461690 0.000000 0.000000 1.000000 -2.429000 0.000000 0.000000 0.000000 1.000000
0.931707 0.363211 0.000000 9.430000 -0.363211 0.931707 0.000000 3.461593 0.000000 0.000000 1.000000 -2.429000 0.000000 0.000000 0.000000 1.000000
0.901670 0.432425 0.000000 9.430000 -0.432425 0.901670 0.000000 3.461593 0.000000 0.000000 1.000000 -2.429000 0.000000 0.000000 0.000000 1.000000</float_array><technique_common><accessor source="#flag01_jnt-Matrix-animation-output-transform-array" count="21" stride="16"><param type="float4x4"/></accessor></technique_common></source><source id="flag01_jnt-Interpolations"><Name_array id="flag01_jnt-Interpolations-array" count="21">
 LINEAR LINEAR LINEAR LINEAR LINEAR LINEAR LINEAR LINEAR LINEAR LINEAR LINEAR
LINEAR LINEAR LINEAR LINEAR LINEAR LINEAR LINEAR LINEAR LINEAR LINEAR</Name_array><technique_common><accessor source="#flag01_jnt-Interpolations-array" count="21"><param type="name"/></accessor></technique_common></source><sampler id="flag01_jnt-Matrix-animation-transform"><input semantic="INPUT" source="#flag01_jnt-Matrix-animation-input"/><input semantic="OUTPUT" source="#flag01_jnt-Matrix-animation-output-transform"/><input semantic="INTERPOLATION" source="#flag01_jnt-Interpolations"/></sampler><channel source="#flag01_jnt-Matrix-animation-transform" target="flag01_jnt/matrix"/></animation></animation>
    <animation id="flag02_jnt-anim" name="flag02_jnt"><animation><source id="flag02_jnt-Matrix-animation-input"><float_array id="flag02_jnt-Matrix-animation-input-array" count="21">

0.000000 0.033333 0.066667 0.100000 0.133333 0.166667 0.200000 0.233333 0.266667 0.300000 0.333333 0.366667 0.400000 0.433333 0.466667 0.500000
0.533333 0.566667 0.600000 0.633333 0.666667</float_array><technique_common><accessor source="#flag02_jnt-Matrix-animation-input-array" count="21"><param name="TIME" type="float"/></accessor></technique_common></source><source id="flag02_jnt-Matrix-animation-output-transform"><float_array id="flag02_jnt-Matrix-animation-output-transform-array" count="336">

1.000000 0.000000 0.000000 5.686000 0.000000 1.000000 0.000000 -0.676000 0.000000 0.000000 1.000000 -2.429000 0.000000 0.000000 0.000000 1.000000
1.000000 0.000000 0.000000 5.686000 0.000000 1.000000 0.000000 -0.565167 0.000000 0.000000 1.000000 -2.429000 0.000000 0.000000 0.000000 1.000000
1.000000 0.000000 0.000000 5.686000 0.000000 1.000000 0.000000 -0.291564 0.000000 0.000000 1.000000 -2.429000 0.000000 0.000000 0.000000 1.000000
1.000000 0.000000 0.000000 5.686000 0.000000 1.000000 0.000000 0.112560 0.000000 0.000000 1.000000 -2.429000 0.000000 0.000000 0.000000 1.000000
1.000000 0.000000 0.000000 5.686000 0.000000 1.000000 0.000000 0.592167 0.000000 0.000000 1.000000 -2.429000 0.000000 0.000000 0.000000 1.000000
1.000000 0.000000 0.000000 5.686000 0.000000 1.000000 0.000000 1.098104 0.000000 0.000000 1.000000 -2.429000 0.000000 0.000000 0.000000 1.000000
1.000000 0.000000 0.000000 5.686000 0.000000 1.000000 0.000000 1.578994 0.000000 0.000000 1.000000 -2.429000 0.000000 0.000000 0.000000 1.000000
1.000000 0.000000 0.000000 5.686000 0.000000 1.000000 0.000000 1.984974 0.000000 0.000000 1.000000 -2.429000 0.000000 0.000000 0.000000 1.000000
1.000000 0.000000 0.000000 5.686000 0.000000 1.000000 0.000000 2.239134 0.000000 0.000000 1.000000 -2.429000 0.000000 0.000000 0.000000 1.000000
1.000000 0.000000 0.000000 5.686000 0.000000 1.000000 0.000000 2.380529 0.000000 0.000000 1.000000 -2.429000 0.000000 0.000000 0.000000 1.000000
1.000000 0.000000 0.000000 5.686000 0.000000 1.000000 0.000000 2.544483 0.000000 0.000000 1.000000 -2.429000 0.000000 0.000000 0.000000 1.000000
1.000000 0.000000 0.000000 5.686000 0.000000 1.000000 0.000000 2.728401 0.000000 0.000000 1.000000 -2.429000 0.000000 0.000000 0.000000 1.000000
1.000000 0.000000 0.000000 5.686000 0.000000 1.000000 0.000000 2.664780 0.000000 0.000000 1.000000 -2.429000 0.000000 0.000000 0.000000 1.000000
1.000000 0.000000 0.000000 5.686000 0.000000 1.000000 0.000000 2.606309 0.000000 0.000000 1.000000 -2.429000 0.000000 0.000000 0.000000 1.000000
1.000000 -0.000169 0.000000 5.686000 0.000169 1.000000 0.000000 2.716019 0.000000 0.000000 1.000000 -2.429000 0.000000 0.000000 0.000000 1.000000
1.000000 0.000000 0.000000 5.686000 0.000000 1.000000 0.000000 2.961173 0.000000 0.000000 1.000000 -2.429000 0.000000 0.000000 0.000000 1.000000
1.000000 0.000603 0.000000 5.686000 -0.000603 1.000000 0.000000 3.057061 0.000000 0.000000 1.000000 -2.429000 0.000000 0.000000 0.000000 1.000000
0.996948 0.078064 0.000000 5.686000 -0.078064 0.996948 0.000000 3.068963 0.000000 0.000000 1.000000 -2.429000 0.000000 0.000000 0.000000 1.000000
0.975363 0.220605 0.000000 5.686000 -0.220605 0.975363 0.000000 3.060674 0.000000 0.000000 1.000000 -2.429000 0.000000 0.000000 0.000000 1.000000
0.931707 0.363211 0.000000 5.686000 -0.363211 0.931707 0.000000 3.061181 0.000000 0.000000 1.000000 -2.429000 0.000000 0.000000 0.000000 1.000000
0.901670 0.432425 0.000000 5.686000 -0.432425 0.901670 0.000000 3.061181 0.000000 0.000000 1.000000 -2.429000 0.000000 0.000000 0.000000 1.000000</float_array><technique_common><accessor source="#flag02_jnt-Matrix-animation-output-transform-array" count="21" stride="16"><param type="float4x4"/></accessor></technique_common></source><source id="flag02_jnt-Interpolations"><Name_array id="flag02_jnt-Interpolations-array" count="21">
 LINEAR LINEAR LINEAR LINEAR LINEAR LINEAR LINEAR LINEAR LINEAR LINEAR LINEAR
LINEAR LINEAR LINEAR LINEAR LINEAR LINEAR LINEAR LINEAR LINEAR LINEAR</Name_array><technique_common><accessor source="#flag02_jnt-Interpolations-array" count="21"><param type="name"/></accessor></technique_common></source><sampler id="flag02_jnt-Matrix-animation-transform"><input semantic="INPUT" source="#flag02_jnt-Matrix-animation-input"/><input semantic="OUTPUT" source="#flag02_jnt-Matrix-animation-output-transform"/><input semantic="INTERPOLATION" source="#flag02_jnt-Interpolations"/></sampler><channel source="#flag02_jnt-Matrix-animation-transform" target="flag02_jnt/matrix"/></animation></animation>
    <animation id="flag03_jnt-anim" name="flag03_jnt"><animation><source id="flag03_jnt-Matrix-animation-input"><float_array id="flag03_jnt-Matrix-animation-input-array" count="21">

0.000000 0.033333 0.066667 0.100000 0.133333 0.166667 0.200000 0.233333 0.266667 0.300000 0.333333 0.366667 0.400000 0.433333 0.466667 0.500000
0.533333 0.566667 0.600000 0.633333 0.666667</float_array><technique_common><accessor source="#flag03_jnt-Matrix-animation-input-array" count="21"><param name="TIME" type="float"/></accessor></technique_common></source><source id="flag03_jnt-Matrix-animation-output-transform"><float_array id="flag03_jnt-Matrix-animation-output-transform-array" count="336">

1.000000 0.000000 0.000000 1.950000 0.000000 1.000000 0.000000 -0.676000 0.000000 0.000000 1.000000 -2.429000 0.000000 0.000000 0.000000 1.000000
1.000000 0.000000 0.000000 1.950000 0.000000 1.000000 0.000000 -0.517666 0.000000 0.000000 1.000000 -2.429000 0.000000 0.000000 0.000000 1.000000
1.000000 0.000000 0.000000 1.950000 0.000000 1.000000 0.000000 -0.126806 0.000000 0.000000 1.000000 -2.429000 0.000000 0.000000 0.000000 1.000000
1.000000 0.000000 0.000000 1.950000 0.000000 1.000000 0.000000 0.450514 0.000000 0.000000 1.000000 -2.429000 0.000000 0.000000 0.000000 1.000000
1.000000 0.000000 0.000000 1.950000 0.000000 1.000000 0.000000 1.135667 0.000000 0.000000 1.000000 -2.429000 0.000000 0.000000 0.000000 1.000000
1.000000 0.000000 0.000000 1.950000 0.000000 1.000000 0.000000 1.858434 0.000000 0.000000 1.000000 -2.429000 0.000000 0.000000 0.000000 1.000000
1.000000 0.000000 0.000000 1.950000 0.000000 1.000000 0.000000 2.545420 0.000000 0.000000 1.000000 -2.429000 0.000000 0.000000 0.000000 1.000000
1.000000 0.000000 0.000000 1.950000 0.000000 1.000000 0.000000 3.122640 0.000000 0.000000 1.000000 -2.429000 0.000000 0.000000 0.000000 1.000000
1.000000 0.000000 0.000000 1.950000 0.000000 1.000000 0.000000 3.530760 0.000000 0.000000 1.000000 -2.429000 0.000000 0.000000 0.000000 1.000000
1.000000 0.000000 0.000000 1.950000 0.000000 1.000000 0.000000 3.660238 0.000000 0.000000 1.000000 -2.429000 0.000000 0.000000 0.000000 1.000000
1.000000 0.000000 0.000000 1.950000 0.000000 1.000000 0.000000 3.381301 0.000000 0.000000 1.000000 -2.429000 0.000000 0.000000 0.000000 1.000000
1.000000 0.000000 0.000000 1.950000 0.000000 1.000000 0.000000 2.736290 0.000000 0.000000 1.000000 -2.429000 0.000000 0.000000 0.000000 1.000000
1.000000 0.000000 0.000000 1.950000 0.000000 1.000000 0.000000 2.116136 0.000000 0.000000 1.000000 -2.429000 0.000000 0.000000 0.000000 1.000000
1.000000 0.000000 0.000000 1.950000 0.000000 1.000000 0.000000 1.853183 0.000000 0.000000 1.000000 -2.429000 0.000000 0.000000 0.000000 1.000000
1.000000 -0.000169 0.000000 1.950000 0.000169 1.000000 0.000000 2.027897 0.000000 0.000000 1.000000 -2.429000 0.000000 0.000000 0.000000 1.000000
1.000000 0.000000 0.000000 1.950000 0.000000 1.000000 0.000000 2.441576 0.000000 0.000000 1.000000 -2.429000 0.000000 0.000000 0.000000 1.000000
1.000000 0.000603 0.000000 1.950000 -0.000603 1.000000 0.000000 2.649299 0.000000 0.000000 1.000000 -2.429000 0.000000 0.000000 0.000000 1.000000
0.996948 0.078064 0.000000 1.950000 -0.078064 0.996948 0.000000 2.677824 0.000000 0.000000 1.000000 -2.429000 0.000000 0.000000 0.000000 1.000000
0.975363 0.220605 0.000000 1.950000 -0.220605 0.975363 0.000000 2.659659 0.000000 0.000000 1.000000 -2.429000 0.000000 0.000000 0.000000 1.000000
0.931707 0.363211 0.000000 1.950000 -0.363211 0.931707 0.000000 2.660769 0.000000 0.000000 1.000000 -2.429000 0.000000 0.000000 0.000000 1.000000
0.901670 0.432425 0.000000 1.950000 -0.432425 0.901670 0.000000 2.660769 0.000000 0.000000 1.000000 -2.429000 0.000000 0.000000 0.000000 1.000000</float_array><technique_common><accessor source="#flag03_jnt-Matrix-animation-output-transform-array" count="21" stride="16"><param type="float4x4"/></accessor></technique_common></source><source id="flag03_jnt-Interpolations"><Name_array id="flag03_jnt-Interpolations-array" count="21">
 LINEAR LINEAR LINEAR LINEAR LINEAR LINEAR LINEAR LINEAR LINEAR LINEAR LINEAR
LINEAR LINEAR LINEAR LINEAR LINEAR LINEAR LINEAR LINEAR LINEAR LINEAR</Name_array><technique_common><accessor source="#flag03_jnt-Interpolations-array" count="21"><param type="name"/></accessor></technique_common></source><sampler id="flag03_jnt-Matrix-animation-transform"><input semantic="INPUT" source="#flag03_jnt-Matrix-animation-input"/><input semantic="OUTPUT" source="#flag03_jnt-Matrix-animation-output-transform"/><input semantic="INTERPOLATION" source="#flag03_jnt-Interpolations"/></sampler><channel source="#flag03_jnt-Matrix-animation-transform" target="flag03_jnt/matrix"/></animation></animation>
    <animation id="flag06_jnt-anim" name="flag06_jnt"><animation><source id="flag06_jnt-Matrix-animation-input"><float_array id="flag06_jnt-Matrix-animation-input-array" count="21">

0.000000 0.033333 0.066667 0.100000 0.133333 0.166667 0.200000 0.233333 0.266667 0.300000 0.333333 0.366667 0.400000 0.433333 0.466667 0.500000
0.533333 0.566667 0.600000 0.633333 0.666667</float_array><technique_common><accessor source="#flag06_jnt-Matrix-animation-input-array" count="21"><param name="TIME" type="float"/></accessor></technique_common></source><source id="flag06_jnt-Matrix-animation-output-transform"><float_array id="flag06_jnt-Matrix-animation-output-transform-array" count="336">

1.000000 0.000000 0.000000 -9.400000 0.000000 1.000000 0.000000 -0.676000 0.000000 0.000000 1.000000 -2.429000 0.000000 0.000000 0.000000 1.000000
1.000000 0.000000 0.000000 -9.400000 0.000000 1.000000 0.000000 -0.612667 0.000000 0.000000 1.000000 -2.429000 0.000000 0.000000 0.000000 1.000000
1.000000 0.000000 0.000000 -9.400000 0.000000 1.000000 0.000000 -0.456322 0.000000 0.000000 1.000000 -2.429000 0.000000 0.000000 0.000000 1.000000
1.000000 0.000000 0.000000 -9.400000 0.000000 1.000000 0.000000 -0.225394 0.000000 0.000000 1.000000 -2.429000 0.000000 0.000000 0.000000 1.000000
1.000000 0.000000 0.000000 -9.400000 0.000000 1.000000 0.000000 0.048667 0.000000 0.000000 1.000000 -2.429000 0.000000 0.000000 0.000000 1.000000
1.000000 0.000000 0.000000 -9.400000 0.000000 1.000000 0.000000 0.337773 0.000000 0.000000 1.000000 -2.429000 0.000000 0.000000 0.000000 1.000000
1.000000 0.000000 0.000000 -9.400000 0.000000 1.000000 0.000000 0.612568 0.000000 0.000000 1.000000 -2.429000 0.000000 0.000000 0.000000 1.000000
1.000000 0.000000 0.000000 -9.400000 0.000000 1.000000 0.000000 0.847307 0.000000 0.000000 1.000000 -2.429000 0.000000 0.000000 0.000000 1.000000
1.000000 0.000000 0.000000 -9.400000 0.000000 1.000000 0.000000 0.947509 0.000000 0.000000 1.000000 -2.429000 0.000000 0.000000 0.000000 1.000000
1.000000 0.000000 0.000000 -9.400000 0.000000 1.000000 0.000000 1.100820 0.000000 0.000000 1.000000 -2.429000 0.000000 0.000000 0.000000 1.000000
1.000000 0.000000 0.000000 -9.400000 0.000000 1.000000 0.000000 1.707665 0.000000 0.000000 1.000000 -2.429000 0.000000 0.000000 0.000000 1.000000
1.000000 0.000000 0.000000 -9.400000 0.000000 1.000000 0.000000 2.720512 0.000000 0.000000 1.000000 -2.429000 0.000000 0.000000 0.000000 1.000000
1.000000 0.000000 0.000000 -9.400000 0.000000 1.000000 0.000000 3.213424 0.000000 0.000000 1.000000 -2.429000 0.000000 0.000000 0.000000 1.000000
1.000000 0.000000 0.000000 -9.400000 0.000000 1.000000 0.000000 3.359435 0.000000 0.000000 1.000000 -2.429000 0.000000 0.000000 0.000000 1.000000
1.000000 0.000169 0.000000 -9.400000 -0.000169 1.000000 0.000000 3.404140 0.000000 0.000000 1.000000 -2.429000 0.000000 0.000000 0.000000 1.000000
1.000000 0.000000 0.000000 -9.400000 0.000000 1.000000 0.000000 3.480769 0.000000 0.000000 1.000000 -2.429000 0.000000 0.000000 0.000000 1.000000
1.000000 -0.000603 0.000000 -9.400000 0.000603 1.000000 0.000000 3.464823 0.000000 0.000000 1.000000 -2.429000 0.000000 0.000000 0.000000 1.000000
0.996948 -0.078064 0.000000 -9.400000 0.078064 0.996948 0.000000 3.460101 0.000000 0.000000 1.000000 -2.429000 0.000000 0.000000 0.000000 1.000000
0.975363 -0.220605 0.000000 -9.400000 0.220605 0.975363 0.000000 3.461690 0.000000 0.000000 1.000000 -2.429000 0.000000 0.000000 0.000000 1.000000
0.931707 -0.363211 0.000000 -9.400000 0.363211 0.931707 0.000000 3.461593 0.000000 0.000000 1.000000 -2.429000 0.000000 0.000000 0.000000 1.000000
0.901670 -0.432425 0.000000 -9.400000 0.432425 0.901670 0.000000 3.461593 0.000000 0.000000 1.000000 -2.429000 0.000000 0.000000 0.000000 1.000000</float_array><technique_common><accessor source="#flag06_jnt-Matrix-animation-output-transform-array" count="21" stride="16"><param type="float4x4"/></accessor></technique_common></source><source id="flag06_jnt-Interpolations"><Name_array id="flag06_jnt-Interpolations-array" count="21">
 LINEAR LINEAR LINEAR LINEAR LINEAR LINEAR LINEAR LINEAR LINEAR LINEAR LINEAR
LINEAR LINEAR LINEAR LINEAR LINEAR LINEAR LINEAR LINEAR LINEAR LINEAR</Name_array><technique_common><accessor source="#flag06_jnt-Interpolations-array" count="21"><param type="name"/></accessor></technique_common></source><sampler id="flag06_jnt-Matrix-animation-transform"><input semantic="INPUT" source="#flag06_jnt-Matrix-animation-input"/><input semantic="OUTPUT" source="#flag06_jnt-Matrix-animation-output-transform"/><input semantic="INTERPOLATION" source="#flag06_jnt-Interpolations"/></sampler><channel source="#flag06_jnt-Matrix-animation-transform" target="flag06_jnt/matrix"/></animation></animation>
    <animation id="flag05_jnt-anim" name="flag05_jnt"><animation><source id="flag05_jnt-Matrix-animation-input"><float_array id="flag05_jnt-Matrix-animation-input-array" count="21">

0.000000 0.033333 0.066667 0.100000 0.133333 0.166667 0.200000 0.233333 0.266667 0.300000 0.333333 0.366667 0.400000 0.433333 0.466667 0.500000
0.533333 0.566667 0.600000 0.633333 0.666667</float_array><technique_common><accessor source="#flag05_jnt-Matrix-animation-input-array" count="21"><param name="TIME" type="float"/></accessor></technique_common></source><source id="flag05_jnt-Matrix-animation-output-transform"><float_array id="flag05_jnt-Matrix-animation-output-transform-array" count="336">

1.000000 0.000000 0.000000 -5.700000 0.000000 1.000000 0.000000 -0.676000 0.000000 0.000000 1.000000 -2.429000 0.000000 0.000000 0.000000 1.000000
1.000000 0.000000 0.000000 -5.700000 0.000000 1.000000 0.000000 -0.565167 0.000000 0.000000 1.000000 -2.429000 0.000000 0.000000 0.000000 1.000000
1.000000 0.000000 0.000000 -5.700000 0.000000 1.000000 0.000000 -0.291564 0.000000 0.000000 1.000000 -2.429000 0.000000 0.000000 0.000000 1.000000
1.000000 0.000000 0.000000 -5.700000 0.000000 1.000000 0.000000 0.112560 0.000000 0.000000 1.000000 -2.429000 0.000000 0.000000 0.000000 1.000000
1.000000 0.000000 0.000000 -5.700000 0.000000 1.000000 0.000000 0.592167 0.000000 0.000000 1.000000 -2.429000 0.000000 0.000000 0.000000 1.000000
1.000000 0.000000 0.000000 -5.700000 0.000000 1.000000 0.000000 1.098104 0.000000 0.000000 1.000000 -2.429000 0.000000 0.000000 0.000000 1.000000
1.000000 0.000000 0.000000 -5.700000 0.000000 1.000000 0.000000 1.578994 0.000000 0.000000 1.000000 -2.429000 0.000000 0.000000 0.000000 1.000000
1.000000 0.000000 0.000000 -5.700000 0.000000 1.000000 0.000000 1.984974 0.000000 0.000000 1.000000 -2.429000 0.000000 0.000000 0.000000 1.000000
1.000000 0.000000 0.000000 -5.700000 0.000000 1.000000 0.000000 2.239134 0.000000 0.000000 1.000000 -2.429000 0.000000 0.000000 0.000000 1.000000
1.000000 0.000000 0.000000 -5.700000 0.000000 1.000000 0.000000 2.380529 0.000000 0.000000 1.000000 -2.429000 0.000000 0.000000 0.000000 1.000000
1.000000 0.000000 0.000000 -5.700000 0.000000 1.000000 0.000000 2.544483 0.000000 0.000000 1.000000 -2.429000 0.000000 0.000000 0.000000 1.000000
1.000000 0.000000 0.000000 -5.700000 0.000000 1.000000 0.000000 2.728401 0.000000 0.000000 1.000000 -2.429000 0.000000 0.000000 0.000000 1.000000
1.000000 0.000000 0.000000 -5.700000 0.000000 1.000000 0.000000 2.664780 0.000000 0.000000 1.000000 -2.429000 0.000000 0.000000 0.000000 1.000000
1.000000 0.000000 0.000000 -5.700000 0.000000 1.000000 0.000000 2.606309 0.000000 0.000000 1.000000 -2.429000 0.000000 0.000000 0.000000 1.000000
1.000000 0.000169 0.000000 -5.700000 -0.000169 1.000000 0.000000 2.716019 0.000000 0.000000 1.000000 -2.429000 0.000000 0.000000 0.000000 1.000000
1.000000 0.000000 0.000000 -5.700000 0.000000 1.000000 0.000000 2.961173 0.000000 0.000000 1.000000 -2.429000 0.000000 0.000000 0.000000 1.000000
1.000000 -0.000603 0.000000 -5.700000 0.000603 1.000000 0.000000 3.057061 0.000000 0.000000 1.000000 -2.429000 0.000000 0.000000 0.000000 1.000000
0.996948 -0.078064 0.000000 -5.700000 0.078064 0.996948 0.000000 3.068963 0.000000 0.000000 1.000000 -2.429000 0.000000 0.000000 0.000000 1.000000
0.975363 -0.220605 0.000000 -5.700000 0.220605 0.975363 0.000000 3.060674 0.000000 0.000000 1.000000 -2.429000 0.000000 0.000000 0.000000 1.000000
0.931707 -0.363211 0.000000 -5.700000 0.363211 0.931707 0.000000 3.061181 0.000000 0.000000 1.000000 -2.429000 0.000000 0.000000 0.000000 1.000000
0.901670 -0.432425 0.000000 -5.700000 0.432425 0.901670 0.000000 3.061181 0.000000 0.000000 1.000000 -2.429000 0.000000 0.000000 0.000000 1.000000</float_array><technique_common><accessor source="#flag05_jnt-Matrix-animation-output-transform-array" count="21" stride="16"><param type="float4x4"/></accessor></technique_common></source><source id="flag05_jnt-Interpolations"><Name_array id="flag05_jnt-Interpolations-array" count="21">
 LINEAR LINEAR LINEAR LINEAR LINEAR LINEAR LINEAR LINEAR LINEAR LINEAR LINEAR
LINEAR LINEAR LINEAR LINEAR LINEAR LINEAR LINEAR LINEAR LINEAR LINEAR</Name_array><technique_common><accessor source="#flag05_jnt-Interpolations-array" count="21"><param type="name"/></accessor></technique_common></source><sampler id="flag05_jnt-Matrix-animation-transform"><input semantic="INPUT" source="#flag05_jnt-Matrix-animation-input"/><input semantic="OUTPUT" source="#flag05_jnt-Matrix-animation-output-transform"/><input semantic="INTERPOLATION" source="#flag05_jnt-Interpolations"/></sampler><channel source="#flag05_jnt-Matrix-animation-transform" target="flag05_jnt/matrix"/></animation></animation>
    <animation id="flag04_jnt-anim" name="flag04_jnt"><animation><source id="flag04_jnt-Matrix-animation-input"><float_array id="flag04_jnt-Matrix-animation-input-array" count="21">

0.000000 0.033333 0.066667 0.100000 0.133333 0.166667 0.200000 0.233333 0.266667 0.300000 0.333333 0.366667 0.400000 0.433333 0.466667 0.500000
0.533333 0.566667 0.600000 0.633333 0.666667</float_array><technique_common><accessor source="#flag04_jnt-Matrix-animation-input-array" count="21"><param name="TIME" type="float"/></accessor></technique_common></source><source id="flag04_jnt-Matrix-animation-output-transform"><float_array id="flag04_jnt-Matrix-animation-output-transform-array" count="336">

1.000000 0.000000 0.000000 -2.000000 0.000000 1.000000 0.000000 -0.676000 0.000000 0.000000 1.000000 -2.429000 0.000000 0.000000 0.000000 1.000000
1.000000 0.000000 0.000000 -2.000000 0.000000 1.000000 0.000000 -0.517666 0.000000 0.000000 1.000000 -2.429000 0.000000 0.000000 0.000000 1.000000
1.000000 0.000000 0.000000 -2.000000 0.000000 1.000000 0.000000 -0.126806 0.000000 0.000000 1.000000 -2.429000 0.000000 0.000000 0.000000 1.000000
1.000000 0.000000 0.000000 -2.000000 0.000000 1.000000 0.000000 0.450514 0.000000 0.000000 1.000000 -2.429000 0.000000 0.000000 0.000000 1.000000
1.000000 0.000000 0.000000 -2.000000 0.000000 1.000000 0.000000 1.135667 0.000000 0.000000 1.000000 -2.429000 0.000000 0.000000 0.000000 1.000000
1.000000 0.000000 0.000000 -2.000000 0.000000 1.000000 0.000000 1.858434 0.000000 0.000000 1.000000 -2.429000 0.000000 0.000000 0.000000 1.000000
1.000000 0.000000 0.000000 -2.000000 0.000000 1.000000 0.000000 2.545420 0.000000 0.000000 1.000000 -2.429000 0.000000 0.000000 0.000000 1.000000
1.000000 0.000000 0.000000 -2.000000 0.000000 1.000000 0.000000 3.122640 0.000000 0.000000 1.000000 -2.429000 0.000000 0.000000 0.000000 1.000000
1.000000 0.000000 0.000000 -2.000000 0.000000 1.000000 0.000000 3.530760 0.000000 0.000000 1.000000 -2.429000 0.000000 0.000000 0.000000 1.000000
1.000000 0.000000 0.000000 -2.000000 0.000000 1.000000 0.000000 3.660238 0.000000 0.000000 1.000000 -2.429000 0.000000 0.000000 0.000000 1.000000
1.000000 0.000000 0.000000 -2.000000 0.000000 1.000000 0.000000 3.381301 0.000000 0.000000 1.000000 -2.429000 0.000000 0.000000 0.000000 1.000000
1.000000 0.000000 0.000000 -2.000000 0.000000 1.000000 0.000000 2.736290 0.000000 0.000000 1.000000 -2.429000 0.000000 0.000000 0.000000 1.000000
1.000000 0.000000 0.000000 -2.000000 0.000000 1.000000 0.000000 2.116136 0.000000 0.000000 1.000000 -2.429000 0.000000 0.000000 0.000000 1.000000
1.000000 0.000000 0.000000 -2.000000 0.000000 1.000000 0.000000 1.853183 0.000000 0.000000 1.000000 -2.429000 0.000000 0.000000 0.000000 1.000000
1.000000 0.000169 0.000000 -2.000000 -0.000169 1.000000 0.000000 2.027897 0.000000 0.000000 1.000000 -2.429000 0.000000 0.000000 0.000000 1.000000
1.000000 0.000000 0.000000 -2.000000 0.000000 1.000000 0.000000 2.441576 0.000000 0.000000 1.000000 -2.429000 0.000000 0.000000 0.000000 1.000000
1.000000 -0.000603 0.000000 -2.000000 0.000603 1.000000 0.000000 2.649299 0.000000 0.000000 1.000000 -2.429000 0.000000 0.000000 0.000000 1.000000
0.996948 -0.078064 0.000000 -2.000000 0.078064 0.996948 0.000000 2.677824 0.000000 0.000000 1.000000 -2.429000 0.000000 0.000000 0.000000 1.000000
0.975363 -0.220605 0.000000 -2.000000 0.220605 0.975363 0.000000 2.659659 0.000000 0.000000 1.000000 -2.429000 0.000000 0.000000 0.000000 1.000000
0.931707 -0.363211 0.000000 -2.000000 0.363211 0.931707 0.000000 2.660769 0.000000 0.000000 1.000000 -2.429000 0.000000 0.000000 0.000000 1.000000
0.901670 -0.432425 0.000000 -2.000000 0.432425 0.901670 0.000000 2.660769 0.000000 0.000000 1.000000 -2.429000 0.000000 0.000000 0.000000 1.000000</float_array><technique_common><accessor source="#flag04_jnt-Matrix-animation-output-transform-array" count="21" stride="16"><param type="float4x4"/></accessor></technique_common></source><source id="flag04_jnt-Interpolations"><Name_array id="flag04_jnt-Interpolations-array" count="21">
 LINEAR LINEAR LINEAR LINEAR LINEAR LINEAR LINEAR LINEAR LINEAR LINEAR LINEAR
LINEAR LINEAR LINEAR LINEAR LINEAR LINEAR LINEAR LINEAR LINEAR LINEAR</Name_array><technique_common><accessor source="#flag04_jnt-Interpolations-array" count="21"><param type="name"/></accessor></technique_common></source><sampler id="flag04_jnt-Matrix-animation-transform"><input semantic="INPUT" source="#flag04_jnt-Matrix-animation-input"/><input semantic="OUTPUT" source="#flag04_jnt-Matrix-animation-output-transform"/><input semantic="INTERPOLATION" source="#flag04_jnt-Interpolations"/></sampler><channel source="#flag04_jnt-Matrix-animation-transform" target="flag04_jnt/matrix"/></animation></animation>
    <animation id="r_speaker_jnt-anim" name="r_speaker_jnt"><animation><source id="r_speaker_jnt-Matrix-animation-input"><float_array id="r_speaker_jnt-Matrix-animation-input-array" count="21">

0.000000 0.033333 0.066667 0.100000 0.133333 0.166667 0.200000 0.233333 0.266667 0.300000 0.333333 0.366667 0.400000 0.433333 0.466667 0.500000
0.533333 0.566667 0.600000 0.633333 0.666667</float_array><technique_common><accessor source="#r_speaker_jnt-Matrix-animation-input-array" count="21"><param name="TIME" type="float"/></accessor></technique_common></source><source id="r_speaker_jnt-Matrix-animation-output-transform"><float_array id="r_speaker_jnt-Matrix-animation-output-transform-array" count="336">

1.000000 0.000000 0.000000 -7.241989 0.000000 1.000000 0.000000 5.794219 0.000000 0.000000 1.000000 2.200388 0.000000 0.000000 0.000000 1.000000
1.000000 0.000000 0.000000 -7.241989 0.000000 1.000000 0.000000 5.794219 0.000000 0.000000 1.000000 2.200388 0.000000 0.000000 0.000000 1.000000
1.000000 0.000000 0.000000 -7.241989 0.000000 1.000000 0.000000 5.794219 0.000000 0.000000 1.000000 2.200388 0.000000 0.000000 0.000000 1.000000
1.000000 0.000000 0.000000 -7.241989 0.000000 1.000000 0.000000 5.794219 0.000000 0.000000 1.000000 2.200388 0.000000 0.000000 0.000000 1.000000
1.000000 0.000000 0.000000 -7.241989 0.000000 1.000000 0.000000 5.794219 0.000000 0.000000 1.000000 2.200388 0.000000 0.000000 0.000000 1.000000
1.000000 0.000000 0.000000 -7.241989 0.000000 1.000000 0.000000 5.794219 0.000000 0.000000 1.000000 2.200388 0.000000 0.000000 0.000000 1.000000
