<?xml version="1.0" encoding="utf-8"?>
<COLLADA xmlns="http://www.collada.org/2005/11/COLLADASchema" version="1.4.1">
  <asset><contributor><author></author><authoring_tool>FBX COLLADA exporter</authoring_tool><comments></comments></contributor><created>2018-03-21T16:20:55Z</created><keywords></keywords><modified>2018-03-21T16:20:55Z</modified><revision></revision><subject></subject><title></title><unit meter="0.010000" name="centimeter"></unit><up_axis>Y_UP</up_axis></asset>
  <library_animations>
    <animation id="jnt_hips-anim" name="jnt_hips"><animation><source id="jnt_hips-Matrix-animation-input"><float_array id="jnt_hips-Matrix-animation-input-array" count="21">

0.000000 0.033333 0.066667 0.100000 0.133333 0.166667 0.200000 0.233333 0.266667 0.300000 0.333333 0.366667 0.400000 0.433333 0.466667 0.500000
0.533333 0.566667 0.600000 0.633333 0.666667</float_array><technique_common><accessor source="#jnt_hips-Matrix-animation-input-array" count="21"><param name="TIME" type="float"/></accessor></technique_common></source><source id="jnt_hips-Matrix-animation-output-transform"><float_array id="jnt_hips-Matrix-animation-output-transform-array" count="336">

0.961461 -0.010974 -0.274722 0.005652 -0.002571 0.998800 -0.048898 1.940699 0.274929 0.047720 0.960279 -0.246250 0.000000 0.000000 0.000000 1.000000
0.961461 -0.010974 -0.274722 0.005652 -0.002571 0.998800 -0.048898 1.940700 0.274929 0.047720 0.960279 -0.261951 0.000000 0.000000 0.000000 1.000000
0.961461 -0.010974 -0.274722 0.005651 -0.002571 0.998800 -0.048898 1.940699 0.274929 0.047720 0.960280 -0.301205 0.000000 0.000000 0.000000 1.000000
0.961461 -0.010974 -0.274722 0.005651 -0.002571 0.998800 -0.048898 1.940699 0.274929 0.047720 0.960280 -0.352234 0.000000 0.000000 0.000000 1.000000
0.961461 -0.010974 -0.274722 0.005651 -0.002571 0.998800 -0.048898 1.940699 0.274929 0.047720 0.960280 -0.403264 0.000000 0.000000 0.000000 1.000000
0.961461 -0.010974 -0.274722 0.005650 -0.002571 0.998800 -0.048898 1.940699 0.274929 0.047720 0.960280 -0.442517 0.000000 0.000000 0.000000 1.000000
0.961461 -0.010974 -0.274722 0.005650 -0.002571 0.998800 -0.048898 1.940699 0.274929 0.047720 0.960280 -0.458219 0.000000 0.000000 0.000000 1.000000
0.961461 -0.010974 -0.274722 0.005650 -0.002571 0.998800 -0.048898 1.940699 0.274929 0.047720 0.960280 -0.455129 0.000000 0.000000 0.000000 1.000000
0.961461 -0.010974 -0.274722 0.005650 -0.002571 0.998800 -0.048898 1.940699 0.274929 0.047720 0.960280 -0.446477 0.000000 0.000000 0.000000 1.000000
0.961461 -0.010974 -0.274722 0.005650 -0.002571 0.998800 -0.048898 1.940699 0.274929 0.047720 0.960280 -0.433190 0.000000 0.000000 0.000000 1.000000
0.961461 -0.010974 -0.274722 0.005651 -0.002571 0.998800 -0.048898 1.940699 0.274929 0.047720 0.960280 -0.416196 0.000000 0.000000 0.000000 1.000000
0.961461 -0.010974 -0.274722 0.005651 -0.002571 0.998800 -0.048898 1.940699 0.274929 0.047720 0.960280 -0.396420 0.000000 0.000000 0.000000 1.000000
0.961461 -0.010974 -0.274722 0.005651 -0.002571 0.998800 -0.048898 1.940699 0.274929 0.047720 0.960280 -0.374791 0.000000 0.000000 0.000000 1.000000
0.961461 -0.010974 -0.274722 0.005651 -0.002571 0.998800 -0.048898 1.940699 0.274929 0.047720 0.960280 -0.352234 0.000000 0.000000 0.000000 1.000000
0.961461 -0.010974 -0.274722 0.005651 -0.002571 0.998800 -0.048898 1.940699 0.274929 0.047720 0.960280 -0.329678 0.000000 0.000000 0.000000 1.000000
0.961461 -0.010974 -0.274722 0.005651 -0.002571 0.998800 -0.048898 1.940699 0.274929 0.047720 0.960280 -0.308048 0.000000 0.000000 0.000000 1.000000
0.961461 -0.010974 -0.274722 0.005652 -0.002571 0.998800 -0.048898 1.940699 0.274929 0.047720 0.960280 -0.288273 0.000000 0.000000 0.000000 1.000000
0.961461 -0.010974 -0.274722 0.005652 -0.002571 0.998800 -0.048898 1.940700 0.274929 0.047720 0.960279 -0.271278 0.000000 0.000000 0.000000 1.000000
0.961461 -0.010974 -0.274722 0.005652 -0.002571 0.998800 -0.048898 1.940699 0.274929 0.047720 0.960279 -0.257991 0.000000 0.000000 0.000000 1.000000
0.961461 -0.010974 -0.274722 0.005652 -0.002571 0.998800 -0.048898 1.940699 0.274929 0.047720 0.960279 -0.249340 0.000000 0.000000 0.000000 1.000000
0.961461 -0.010974 -0.274722 0.005652 -0.002571 0.998800 -0.048898 1.940699 0.274930 0.047720 0.960279 -0.246250 0.000000 0.000000 0.000000 1.000000</float_array><technique_common><accessor source="#jnt_hips-Matrix-animation-output-transform-array" count="21" stride="16"><param type="float4x4"/></accessor></technique_common></source><source id="jnt_hips-Interpolations"><Name_array id="jnt_hips-Interpolations-array" count="21">
 LINEAR LINEAR LINEAR LINEAR LINEAR LINEAR LINEAR LINEAR LINEAR LINEAR LINEAR
LINEAR LINEAR LINEAR LINEAR LINEAR LINEAR LINEAR LINEAR LINEAR LINEAR</Name_array><technique_common><accessor source="#jnt_hips-Interpolations-array" count="21"><param type="name"/></accessor></technique_common></source><sampler id="jnt_hips-Matrix-animation-transform"><input semantic="INPUT" source="#jnt_hips-Matrix-animation-input"/><input semantic="OUTPUT" source="#jnt_hips-Matrix-animation-output-transform"/><input semantic="INTERPOLATION" source="#jnt_hips-Interpolations"/></sampler><channel source="#jnt_hips-Matrix-animation-transform" target="jnt_hips/matrix"/></animation></animation>
    <animation id="jnt_right_upleg-anim" name="jnt_right_upleg"><animation><source id="jnt_right_upleg-Matrix-animation-input"><float_array id="jnt_right_upleg-Matrix-animation-input-array" count="21">

0.000000 0.033333 0.066667 0.100000 0.133333 0.166667 0.200000 0.233333 0.266667 0.300000 0.333333 0.366667 0.400000 0.433333 0.466667 0.500000
0.533333 0.566667 0.600000 0.633333 0.666667</float_array><technique_common><accessor source="#jnt_right_upleg-Matrix-animation-input-array" count="21"><param name="TIME" type="float"/></accessor></technique_common></source><source id="jnt_right_upleg-Matrix-animation-output-transform"><float_array id="jnt_right_upleg-Matrix-animation-output-transform-array" count="336">

-0.156104 -0.161651 -0.974423 -0.446779 -0.987700 0.034505 0.152507 -0.111214 0.008970 0.986245 -0.165049 0.043020 0.000000 0.000000 0.000000 1.000000
-0.155033 -0.159800 -0.974899 -0.446780 -0.987492 0.053746 0.148226 -0.111214 0.028711 0.985685 -0.166134 0.043020 0.000000 0.000000 0.000000 1.000000
-0.151685 -0.155721 -0.976085 -0.446780 -0.985597 0.098522 0.137445 -0.111214 0.074763 0.982876 -0.168422 0.043020 0.000000 0.000000 0.000000 1.000000
-0.146142 -0.151326 -0.977621 -0.446780 -0.980812 0.151066 0.123235 -0.111215 0.129037 0.976872 -0.170499 0.043020 0.000000 0.000000 0.000000 1.000000
-0.139522 -0.147684 -0.979144 -0.446780 -0.974030 0.198537 0.108848 -0.111214 0.178321 0.968903 -0.171549 0.043020 0.000000 0.000000 0.000000 1.000000
-0.133824 -0.145267 -0.980300 -0.446780 -0.967761 0.232146 0.097711 -0.111214 0.213379 0.961772 -0.171651 0.043020 0.000000 0.000000 0.000000 1.000000
-0.131414 -0.144376 -0.980758 -0.446780 -0.965042 0.244947 0.093249 -0.111214 0.226771 0.958726 -0.171519 0.043020 0.000000 0.000000 0.000000 1.000000
-0.131894 -0.144548 -0.980668 -0.446780 -0.965585 0.242457 0.094128 -0.111214 0.224163 0.959333 -0.171552 0.043020 0.000000 0.000000 0.000000 1.000000
-0.133223 -0.145039 -0.980416 -0.446780 -0.967085 0.235409 0.096586 -0.111214 0.216790 0.961013 -0.171627 0.043020 0.000000 0.000000 0.000000 1.000000
-0.135221 -0.145816 -0.980027 -0.446780 -0.969322 0.224372 0.100360 -0.111214 0.205257 0.963532 -0.171683 0.043020 0.000000 0.000000 0.000000 1.000000
-0.137699 -0.146856 -0.979527 -0.446780 -0.972055 0.209872 0.105183 -0.111214 0.190129 0.966637 -0.171651 0.043020 0.000000 0.000000 0.000000 1.000000
-0.140464 -0.148137 -0.978941 -0.446780 -0.975037 0.192432 0.110784 -0.111214 0.171968 0.970065 -0.171469 0.043020 0.000000 0.000000 0.000000 1.000000
-0.143334 -0.149637 -0.978297 -0.446780 -0.978029 0.172615 0.116892 -0.111214 0.151378 0.973557 -0.171091 0.043020 0.000000 0.000000 0.000000 1.000000
-0.146142 -0.151326 -0.977621 -0.446780 -0.980812 0.151066 0.123235 -0.111215 0.129037 0.976872 -0.170499 0.043020 0.000000 0.000000 0.000000 1.000000
-0.148741 -0.153160 -0.976943 -0.446780 -0.983207 0.128536 0.129544 -0.111214 0.105731 0.979806 -0.169707 0.043020 0.000000 0.000000 0.000000 1.000000
-0.151014 -0.155078 -0.976292 -0.446780 -0.985093 0.105909 0.135553 -0.111214 0.082377 0.982209 -0.168760 0.043020 0.000000 0.000000 0.000000 1.000000
-0.152886 -0.156987 -0.975695 -0.446780 -0.986417 0.084248 0.141011 -0.111214 0.060064 0.984001 -0.167735 0.043020 0.000000 0.000000 0.000000 1.000000
-0.154321 -0.158764 -0.975182 -0.446780 -0.987208 0.064793 0.145675 -0.111214 0.040057 0.985188 -0.166732 0.043020 0.000000 0.000000 0.000000 1.000000
-0.155320 -0.160253 -0.974779 -0.446779 -0.987577 0.048979 0.149307 -0.111214 0.023817 0.985860 -0.165869 0.043020 0.000000 0.000000 0.000000 1.000000
-0.155908 -0.161274 -0.974517 -0.446779 -0.987687 0.038365 0.151666 -0.111214 0.012928 0.986164 -0.165270 0.043020 0.000000 0.000000 0.000000 1.000000
-0.156105 -0.161650 -0.974423 -0.446779 -0.987700 0.034510 0.152507 -0.111214 0.008975 0.986245 -0.165049 0.043020 0.000000 0.000000 0.000000 1.000000</float_array><technique_common><accessor source="#jnt_right_upleg-Matrix-animation-output-transform-array" count="21" stride="16"><param type="float4x4"/></accessor></technique_common></source><source id="jnt_right_upleg-Interpolations"><Name_array id="jnt_right_upleg-Interpolations-array" count="21">
 LINEAR LINEAR LINEAR LINEAR LINEAR LINEAR LINEAR LINEAR LINEAR LINEAR LINEAR
LINEAR LINEAR LINEAR LINEAR LINEAR LINEAR LINEAR LINEAR LINEAR LINEAR</Name_array><technique_common><accessor source="#jnt_right_upleg-Interpolations-array" count="21"><param type="name"/></accessor></technique_common></source><sampler id="jnt_right_upleg-Matrix-animation-transform"><input semantic="INPUT" source="#jnt_right_upleg-Matrix-animation-input"/><input semantic="OUTPUT" source="#jnt_right_upleg-Matrix-animation-output-transform"/><input semantic="INTERPOLATION" source="#jnt_right_upleg-Interpolations"/></sampler><channel source="#jnt_right_upleg-Matrix-animation-transform" target="jnt_right_upleg/matrix"/></animation></animation>
    <animation id="jnt_right_uplegroll-anim" name="jnt_right_uplegroll"><animation><source id="jnt_right_uplegroll-Matrix-animation-input"><float_array id="jnt_right_uplegroll-Matrix-animation-input-array" count="21">

0.000000 0.033333 0.066667 0.100000 0.133333 0.166667 0.200000 0.233333 0.266667 0.300000 0.333333 0.366667 0.400000 0.433333 0.466667 0.500000
0.533333 0.566667 0.600000 0.633333 0.666667</float_array><technique_common><accessor source="#jnt_right_uplegroll-Matrix-animation-input-array" count="21"><param name="TIME" type="float"/></accessor></technique_common></source><source id="jnt_right_uplegroll-Matrix-animation-output-transform"><float_array id="jnt_right_uplegroll-Matrix-animation-output-transform-array" count="336">

1.000000 -0.000000 -0.000000 0.430000 -0.000000 1.000000 0.000000 0.000000 -0.000000 -0.000000 1.000000 0.000000 0.000000 0.000000 0.000000 1.000000
1.000000 0.000000 -0.000000 0.430000 0.000000 1.000000 -0.000000 -0.000000 0.000000 -0.000000 1.000000 0.000000 0.000000 0.000000 0.000000 1.000000
1.000000 0.000000 0.000000 0.430000 -0.000000 1.000000 0.000000 0.000000 -0.000000 -0.000000 1.000000 0.000000 0.000000 0.000000 0.000000 1.000000
1.000000 -0.000000 -0.000000 0.430001 0.000000 1.000000 0.000000 -0.000000 0.000000 0.000000 1.000000 0.000000 0.000000 0.000000 0.000000 1.000000
1.000000 -0.000000 0.000000 0.430000 0.000000 1.000000 0.000000 -0.000000 0.000000 0.000000 1.000000 -0.000000 0.000000 0.000000 0.000000 1.000000
1.000000 0.000000 -0.000000 0.430001 -0.000000 1.000000 -0.000000 0.000000 -0.000000 -0.000000 1.000000 0.000000 0.000000 0.000000 0.000000 1.000000
1.000000 0.000000 -0.000000 0.430000 0.000000 1.000000 0.000000 0.000000 -0.000000 0.000000 1.000000 0.000000 0.000000 0.000000 0.000000 1.000000
1.000000 -0.000000 -0.000000 0.430000 0.000000 1.000000 0.000000 -0.000000 -0.000000 0.000000 1.000000 -0.000000 0.000000 0.000000 0.000000 1.000000
1.000000 0.000000 0.000000 0.430000 0.000000 1.000000 -0.000000 0.000000 0.000000 0.000000 1.000000 0.000000 0.000000 0.000000 0.000000 1.000000
1.000000 0.000000 -0.000000 0.430001 0.000000 1.000000 0.000000 0.000000 0.000000 0.000000 1.000000 0.000000 0.000000 0.000000 0.000000 1.000000
1.000000 0.000000 0.000000 0.430000 -0.000000 1.000000 0.000000 0.000000 0.000000 -0.000000 1.000000 0.000000 0.000000 0.000000 0.000000 1.000000
1.000000 -0.000000 0.000000 0.430000 0.000000 1.000000 0.000000 -0.000000 0.000000 0.000000 1.000000 0.000000 0.000000 0.000000 0.000000 1.000000
1.000000 -0.000000 -0.000000 0.430000 0.000000 1.000000 0.000000 -0.000000 0.000000 0.000000 1.000000 0.000000 0.000000 0.000000 0.000000 1.000000
1.000000 -0.000000 -0.000000 0.430000 0.000000 1.000000 0.000000 0.000000 -0.000000 0.000000 1.000000 0.000000 0.000000 0.000000 0.000000 1.000000
1.000000 0.000000 0.000000 0.430000 0.000000 1.000000 0.000000 0.000000 -0.000000 0.000000 1.000000 0.000000 0.000000 0.000000 0.000000 1.000000
1.000000 -0.000000 -0.000000 0.430000 0.000000 1.000000 0.000000 -0.000000 -0.000000 -0.000000 1.000000 0.000000 0.000000 0.000000 0.000000 1.000000
1.000000 -0.000000 -0.000000 0.430000 -0.000000 1.000000 -0.000000 0.000000 0.000000 0.000000 1.000000 0.000000 0.000000 0.000000 0.000000 1.000000
1.000000 0.000000 0.000000 0.430000 0.000000 1.000000 0.000000 -0.000000 0.000000 0.000000 1.000000 0.000000 0.000000 0.000000 0.000000 1.000000
1.000000 0.000000 0.000000 0.430000 0.000000 1.000000 -0.000000 0.000000 0.000000 0.000000 1.000000 0.000000 0.000000 0.000000 0.000000 1.000000
1.000000 -0.000000 -0.000000 0.430000 0.000000 1.000000 -0.000000 0.000000 0.000000 -0.000000 1.000000 0.000000 0.000000 0.000000 0.000000 1.000000
1.000000 -0.000000 -0.000000 0.430000 0.000000 1.000000 0.000000 0.000000 0.000000 0.000000 1.000000 0.000000 0.000000 0.000000 0.000000 1.000000</float_array><technique_common><accessor source="#jnt_right_uplegroll-Matrix-animation-output-transform-array" count="21" stride="16"><param type="float4x4"/></accessor></technique_common></source><source id="jnt_right_uplegroll-Interpolations"><Name_array id="jnt_right_uplegroll-Interpolations-array" count="21">
 LINEAR LINEAR LINEAR LINEAR LINEAR LINEAR LINEAR LINEAR LINEAR LINEAR LINEAR
LINEAR LINEAR LINEAR LINEAR LINEAR LINEAR LINEAR LINEAR LINEAR LINEAR</Name_array><technique_common><accessor source="#jnt_right_uplegroll-Interpolations-array" count="21"><param type="name"/></accessor></technique_common></source><sampler id="jnt_right_uplegroll-Matrix-animation-transform"><input semantic="INPUT" source="#jnt_right_uplegroll-Matrix-animation-input"/><input semantic="OUTPUT" source="#jnt_right_uplegroll-Matrix-animation-output-transform"/><input semantic="INTERPOLATION" source="#jnt_right_uplegroll-Interpolations"/></sampler><channel source="#jnt_right_uplegroll-Matrix-animation-transform" target="jnt_right_uplegroll/matrix"/></animation></animation>
    <animation id="jnt_right_leg-anim" name="jnt_right_leg"><animation><source id="jnt_right_leg-Matrix-animation-input"><float_array id="jnt_right_leg-Matrix-animation-input-array" count="21">

0.000000 0.033333 0.066667 0.100000 0.133333 0.166667 0.200000 0.233333 0.266667 0.300000 0.333333 0.366667 0.400000 0.433333 0.466667 0.500000
0.533333 0.566667 0.600000 0.633333 0.666667</float_array><technique_common><accessor source="#jnt_right_leg-Matrix-animation-input-array" count="21"><param name="TIME" type="float"/></accessor></technique_common></source><source id="jnt_right_leg-Matrix-animation-output-transform"><float_array id="jnt_right_leg-Matrix-animation-output-transform-array" count="336">

0.907697 0.416804 -0.048585 0.860324 -0.419525 0.903924 -0.083187 -0.000000 0.009245 0.095891 0.995349 -0.000000 0.000000 0.000000 0.000000 1.000000
0.897910 0.437199 -0.051124 0.860324 -0.440068 0.894205 -0.082076 -0.000000 0.009832 0.096195 0.995314 -0.000000 0.000000 0.000000 0.000000 1.000000
0.875013 0.480754 -0.056812 0.860324 -0.483972 0.871424 -0.079945 -0.000000 0.011073 0.097449 0.995179 0.000000 0.000000 0.000000 0.000000 1.000000
0.848685 0.525092 -0.063340 0.860325 -0.528754 0.845148 -0.078379 -0.000000 0.012375 0.100011 0.994909 -0.000000 0.000000 0.000000 0.000000 1.000000
0.826292 0.558963 -0.069303 0.860324 -0.563083 0.822711 -0.078006 -0.000000 0.013414 0.103479 0.994541 -0.000000 0.000000 0.000000 0.000000 1.000000
0.811749 0.579345 -0.073637 0.860325 -0.583837 0.808071 -0.078457 0.000000 0.014050 0.106679 0.994194 0.000000 0.000000 0.000000 0.000000 1.000000
0.806587 0.586297 -0.075323 0.860325 -0.590944 0.802854 -0.078807 0.000000 0.014269 0.108076 0.994040 -0.000000 0.000000 0.000000 0.000000 1.000000
0.807572 0.584981 -0.074993 0.860324 -0.589597 0.803851 -0.078731 0.000000 0.014227 0.107796 0.994071 -0.000000 0.000000 0.000000 0.000000 1.000000
0.810411 0.581161 -0.074064 0.860324 -0.585691 0.806720 -0.078536 0.000000 0.014107 0.107026 0.994156 -0.000000 0.000000 0.000000 0.000000 1.000000
0.814994 0.574901 -0.072623 0.860324 -0.579303 0.811343 -0.078294 -0.000000 0.013911 0.105880 0.994282 -0.000000 0.000000 0.000000 0.000000 1.000000
0.821243 0.566176 -0.070751 0.860324 -0.570416 0.817636 -0.078086 -0.000000 0.013638 0.104486 0.994433 0.000000 0.000000 0.000000 0.000000 1.000000
0.829064 0.554938 -0.068528 0.860325 -0.558996 0.825495 -0.077991 -0.000000 0.013289 0.102967 0.994596 0.000000 0.000000 0.000000 0.000000 1.000000
0.838300 0.541196 -0.066031 0.860324 -0.545058 0.834755 -0.078075 -0.000000 0.012866 0.101441 0.994758 0.000000 0.000000 0.000000 0.000000 1.000000
0.848685 0.525092 -0.063340 0.860325 -0.528754 0.845148 -0.078380 0.000000 0.012375 0.100011 0.994909 0.000000 0.000000 0.000000 0.000000 1.000000
0.859838 0.506966 -0.060540 0.860324 -0.510430 0.856290 -0.078916 -0.000000 0.011832 0.098757 0.995041 0.000000 0.000000 0.000000 0.000000 1.000000
0.871254 0.487426 -0.057732 0.860324 -0.490704 0.867677 -0.079661 -0.000000 0.011264 0.097734 0.995149 -0.000000 0.000000 0.000000 0.000000 1.000000
0.882301 0.467458 -0.055024 0.860324 -0.470564 0.878682 -0.080551 0.000000 0.010694 0.096962 0.995231 0.000000 0.000000 0.000000 0.000000 1.000000
0.892261 0.448451 -0.052552 0.860324 -0.451406 0.888590 -0.081489 -0.000000 0.010153 0.096431 0.995288 -0.000000 0.000000 0.000000 0.000000 1.000000
0.900341 0.432245 -0.050502 0.860324 -0.435078 0.896620 -0.082341 0.000000 0.009690 0.096107 0.995324 0.000000 0.000000 0.000000 0.000000 1.000000
0.905739 0.420982 -0.049101 0.860324 -0.423732 0.901981 -0.082955 -0.000000 0.009366 0.095942 0.995343 0.000000 0.000000 0.000000 0.000000 1.000000
0.907692 0.416814 -0.048586 0.860324 -0.419535 0.903920 -0.083186 -0.000000 0.009245 0.095891 0.995349 0.000000 0.000000 0.000000 0.000000 1.000000</float_array><technique_common><accessor source="#jnt_right_leg-Matrix-animation-output-transform-array" count="21" stride="16"><param type="float4x4"/></accessor></technique_common></source><source id="jnt_right_leg-Interpolations"><Name_array id="jnt_right_leg-Interpolations-array" count="21">
 LINEAR LINEAR LINEAR LINEAR LINEAR LINEAR LINEAR LINEAR LINEAR LINEAR LINEAR
LINEAR LINEAR LINEAR LINEAR LINEAR LINEAR LINEAR LINEAR LINEAR LINEAR</Name_array><technique_common><accessor source="#jnt_right_leg-Interpolations-array" count="21"><param type="name"/></accessor></technique_common></source><sampler id="jnt_right_leg-Matrix-animation-transform"><input semantic="INPUT" source="#jnt_right_leg-Matrix-animation-input"/><input semantic="OUTPUT" source="#jnt_right_leg-Matrix-animation-output-transform"/><input semantic="INTERPOLATION" source="#jnt_right_leg-Interpolations"/></sampler><channel source="#jnt_right_leg-Matrix-animation-transform" target="jnt_right_leg/matrix"/></animation></animation>
    <animation id="jnt_right_legroll-anim" name="jnt_right_legroll"><animation><source id="jnt_right_legroll-Matrix-animation-input"><float_array id="jnt_right_legroll-Matrix-animation-input-array" count="21">

0.000000 0.033333 0.066667 0.100000 0.133333 0.166667 0.200000 0.233333 0.266667 0.300000 0.333333 0.366667 0.400000 0.433333 0.466667 0.500000
0.533333 0.566667 0.600000 0.633333 0.666667</float_array><technique_common><accessor source="#jnt_right_legroll-Matrix-animation-input-array" count="21"><param name="TIME" type="float"/></accessor></technique_common></source><source id="jnt_right_legroll-Matrix-animation-output-transform"><float_array id="jnt_right_legroll-Matrix-animation-output-transform-array" count="336">

1.000000 -0.000000 0.000000 0.384000 0.000000 1.000000 0.000000 0.000000 -0.000000 -0.000000 1.000000 0.000000 0.000000 0.000000 0.000000 1.000000
1.000000 0.000000 -0.000000 0.384000 0.000000 1.000000 0.000000 -0.000000 0.000000 0.000000 1.000000 0.000000 0.000000 0.000000 0.000000 1.000000
1.000000 0.000000 -0.000000 0.384000 0.000000 1.000000 0.000000 -0.000000 0.000000 -0.000000 1.000000 0.000000 0.000000 0.000000 0.000000 1.000000
1.000000 0.000000 -0.000000 0.384000 0.000000 1.000000 0.000000 -0.000000 0.000000 0.000000 1.000000 0.000000 0.000000 0.000000 0.000000 1.000000
1.000000 -0.000000 -0.000000 0.384000 0.000000 1.000000 -0.000000 -0.000000 0.000000 -0.000000 1.000000 0.000000 0.000000 0.000000 0.000000 1.000000
1.000000 -0.000000 -0.000000 0.384000 -0.000000 1.000000 -0.000000 -0.000000 0.000000 -0.000000 1.000000 -0.000000 0.000000 0.000000 0.000000 1.000000
1.000000 0.000000 0.000000 0.384000 0.000000 1.000000 0.000000 -0.000000 -0.000000 0.000000 1.000000 0.000000 0.000000 0.000000 0.000000 1.000000
1.000000 -0.000000 0.000000 0.384000 0.000000 1.000000 0.000000 -0.000000 0.000000 0.000000 1.000000 0.000000 0.000000 0.000000 0.000000 1.000000
1.000000 0.000000 -0.000000 0.384000 0.000000 1.000000 0.000000 -0.000000 0.000000 0.000000 1.000000 0.000000 0.000000 0.000000 0.000000 1.000000
1.000000 0.000000 0.000000 0.384000 0.000000 1.000000 -0.000000 0.000000 0.000000 -0.000000 1.000000 0.000000 0.000000 0.000000 0.000000 1.000000
1.000000 -0.000000 0.000000 0.384000 0.000000 1.000000 0.000000 -0.000000 0.000000 0.000000 1.000000 0.000000 0.000000 0.000000 0.000000 1.000000
1.000000 -0.000000 0.000000 0.384000 0.000000 1.000000 0.000000 -0.000000 0.000000 -0.000000 1.000000 0.000000 0.000000 0.000000 0.000000 1.000000
1.000000 0.000000 0.000000 0.384000 0.000000 1.000000 -0.000000 0.000000 -0.000000 -0.000000 1.000000 0.000000 0.000000 0.000000 0.000000 1.000000
1.000000 -0.000000 -0.000000 0.384000 -0.000000 1.000000 0.000000 -0.000000 0.000000 0.000000 1.000000 0.000000 0.000000 0.000000 0.000000 1.000000
1.000000 0.000000 0.000000 0.384000 -0.000000 1.000000 -0.000000 -0.000000 0.000000 0.000000 1.000000 0.000000 0.000000 0.000000 0.000000 1.000000
1.000000 -0.000000 0.000000 0.384000 0.000000 1.000000 0.000000 -0.000000 0.000000 -0.000000 1.000000 0.000000 0.000000 0.000000 0.000000 1.000000
1.000000 0.000000 0.000000 0.384000 -0.000000 1.000000 0.000000 -0.000000 0.000000 -0.000000 1.000000 -0.000000 0.000000 0.000000 0.000000 1.000000
1.000000 0.000000 0.000000 0.384000 0.000000 1.000000 0.000000 0.000000 0.000000 0.000000 1.000000 0.000000 0.000000 0.000000 0.000000 1.000000
1.000000 0.000000 0.000000 0.384000 0.000000 1.000000 0.000000 0.000000 -0.000000 0.000000 1.000000 0.000000 0.000000 0.000000 0.000000 1.000000
1.000000 -0.000000 0.000000 0.384000 0.000000 1.000000 -0.000000 -0.000000 -0.000000 0.000000 1.000000 0.000000 0.000000 0.000000 0.000000 1.000000
1.000000 0.000000 -0.000000 0.384000 0.000000 1.000000 0.000000 -0.000000 -0.000000 0.000000 1.000000 0.000000 0.000000 0.000000 0.000000 1.000000</float_array><technique_common><accessor source="#jnt_right_legroll-Matrix-animation-output-transform-array" count="21" stride="16"><param type="float4x4"/></accessor></technique_common></source><source id="jnt_right_legroll-Interpolations"><Name_array id="jnt_right_legroll-Interpolations-array" count="21">
 LINEAR LINEAR LINEAR LINEAR LINEAR LINEAR LINEAR LINEAR LINEAR LINEAR LINEAR
LINEAR LINEAR LINEAR LINEAR LINEAR LINEAR LINEAR LINEAR LINEAR LINEAR</Name_array><technique_common><accessor source="#jnt_right_legroll-Interpolations-array" count="21"><param type="name"/></accessor></technique_common></source><sampler id="jnt_right_legroll-Matrix-animation-transform"><input semantic="INPUT" source="#jnt_right_legroll-Matrix-animation-input"/><input semantic="OUTPUT" source="#jnt_right_legroll-Matrix-animation-output-transform"/><input semantic="INTERPOLATION" source="#jnt_right_legroll-Interpolations"/></sampler><channel source="#jnt_right_legroll-Matrix-animation-transform" target="jnt_right_legroll/matrix"/></animation></animation>
    <animation id="jnt_right_foot-anim" name="jnt_right_foot"><animation><source id="jnt_right_foot-Matrix-animation-input"><float_array id="jnt_right_foot-Matrix-animation-input-array" count="21">

0.000000 0.033333 0.066667 0.100000 0.133333 0.166667 0.200000 0.233333 0.266667 0.300000 0.333333 0.366667 0.400000 0.433333 0.466667 0.500000
0.533333 0.566667 0.600000 0.633333 0.666667</float_array><technique_common><accessor source="#jnt_right_foot-Matrix-animation-input-array" count="21"><param name="TIME" type="float"/></accessor></technique_common></source><source id="jnt_right_foot-Matrix-animation-output-transform"><float_array id="jnt_right_foot-Matrix-animation-output-transform-array" count="336">

0.125480 -0.946435 0.297515 0.768145 0.984179 0.080940 -0.157608 0.000000 0.125085 0.312585 0.941618 0.000000 0.000000 0.000000 0.000000 1.000000
0.121313 -0.947804 0.294873 0.768145 0.984585 0.077190 -0.156955 -0.000000 0.126001 0.309368 0.942558 0.000000 0.000000 0.000000 0.000000 1.000000
0.114794 -0.950986 0.287139 0.768145 0.985078 0.071663 -0.156477 -0.000000 0.128230 0.300817 0.945022 0.000000 0.000000 0.000000 0.000000 1.000000
0.112960 -0.954720 0.275228 0.768145 0.984917 0.071052 -0.157764 -0.000000 0.131065 0.288897 0.948346 0.000000 0.000000 0.000000 0.000000 1.000000
0.117025 -0.958034 0.261678 0.768144 0.984057 0.076326 -0.160644 -0.000000 0.133929 0.276305 0.951692 0.000000 0.000000 0.000000 0.000000 1.000000
0.123479 -0.960261 0.250305 0.768145 0.982954 0.083732 -0.163678 -0.000000 0.136215 0.266249 0.954231 -0.000000 0.000000 0.000000 0.000000 1.000000
0.126783 -0.961059 0.245542 0.768144 0.982402 0.087428 -0.165055 -0.000000 0.137160 0.262147 0.955231 0.000000 0.000000 0.000000 0.000000 1.000000
0.126101 -0.960907 0.246489 0.768145 0.982516 0.086669 -0.164777 0.000000 0.136973 0.262958 0.955035 0.000000 0.000000 0.000000 0.000000 1.000000
0.124274 -0.960468 0.249115 0.768145 0.982821 0.084626 -0.164017 -0.000000 0.136452 0.265218 0.954484 0.000000 0.000000 0.000000 0.000000 1.000000
0.121706 -0.959760 0.253076 0.768145 0.983251 0.081730 -0.162902 0.000000 0.135663 0.268664 0.953633 0.000000 0.000000 0.000000 0.000000 1.000000
0.118854 -0.958802 0.258017 0.768145 0.983736 0.078465 -0.161573 -0.000000 0.134672 0.273025 0.952534 0.000000 0.000000 0.000000 0.000000 1.000000
0.116180 -0.957616 0.263580 0.768145 0.984210 0.075317 -0.160181 -0.000000 0.133539 0.278028 0.951245 0.000000 0.000000 0.000000 0.000000 1.000000
0.114104 -0.956239 0.269422 0.768145 0.984617 0.072729 -0.158868 0.000000 0.132321 0.283405 0.949828 0.000000 0.000000 0.000000 0.000000 1.000000
0.112960 -0.954720 0.275228 0.768144 0.984917 0.071052 -0.157765 -0.000000 0.131065 0.288898 0.948346 -0.000000 0.000000 0.000000 0.000000 1.000000
0.112958 -0.953121 0.280716 0.768145 0.985083 0.070515 -0.156969 -0.000000 0.129815 0.294260 0.946868 0.000000 0.000000 0.000000 0.000000 1.000000
0.114150 -0.951511 0.285652 0.768145 0.985103 0.071186 -0.156538 -0.000000 0.128613 0.299265 0.945462 0.000000 0.000000 0.000000 0.000000 1.000000
0.116382 -0.949971 0.289847 0.768145 0.984986 0.072931 -0.156471 -0.000000 0.127504 0.303706 0.944196 0.000000 0.000000 0.000000 0.000000 1.000000
0.119286 -0.948589 0.293173 0.768145 0.984763 0.075405 -0.156701 0.000000 0.126538 0.307398 0.943130 0.000000 0.000000 0.000000 0.000000 1.000000
0.122265 -0.947465 0.295569 0.768145 0.984496 0.078038 -0.157090 0.000000 0.125772 0.310193 0.942317 -0.000000 0.000000 0.000000 0.000000 1.000000
0.124575 -0.946710 0.297021 0.768145 0.984271 0.080118 -0.157454 -0.000000 0.125266 0.311964 0.941800 0.000000 0.000000 0.000000 0.000000 1.000000
0.125475 -0.946435 0.297517 0.768145 0.984180 0.080934 -0.157606 0.000000 0.125085 0.312586 0.941618 0.000000 0.000000 0.000000 0.000000 1.000000</float_array><technique_common><accessor source="#jnt_right_foot-Matrix-animation-output-transform-array" count="21" stride="16"><param type="float4x4"/></accessor></technique_common></source><source id="jnt_right_foot-Interpolations"><Name_array id="jnt_right_foot-Interpolations-array" count="21">
 LINEAR LINEAR LINEAR LINEAR LINEAR LINEAR LINEAR LINEAR LINEAR LINEAR LINEAR
LINEAR LINEAR LINEAR LINEAR LINEAR LINEAR LINEAR LINEAR LINEAR LINEAR</Name_array><technique_common><accessor source="#jnt_right_foot-Interpolations-array" count="21"><param type="name"/></accessor></technique_common></source><sampler id="jnt_right_foot-Matrix-animation-transform"><input semantic="INPUT" source="#jnt_right_foot-Matrix-animation-input"/><input semantic="OUTPUT" source="#jnt_right_foot-Matrix-animation-output-transform"/><input semantic="INTERPOLATION" source="#jnt_right_foot-Interpolations"/></sampler><channel source="#jnt_right_foot-Matrix-animation-transform" target="jnt_right_foot/matrix"/></animation></animation>
    <animation id="jnt_right_toebase-anim" name="jnt_right_toebase"><animation><source id="jnt_right_toebase-Matrix-animation-input"><float_array id="jnt_right_toebase-Matrix-animation-input-array" count="21">

0.000000 0.033333 0.066667 0.100000 0.133333 0.166667 0.200000 0.233333 0.266667 0.300000 0.333333 0.366667 0.400000 0.433333 0.466667 0.500000
0.533333 0.566667 0.600000 0.633333 0.666667</float_array><technique_common><accessor source="#jnt_right_toebase-Matrix-animation-input-array" count="21"><param name="TIME" type="float"/></accessor></technique_common></source><source id="jnt_right_toebase-Matrix-animation-output-transform"><float_array id="jnt_right_toebase-Matrix-animation-output-transform-array" count="336">

0.918955 -0.394363 -0.000100 0.441847 0.394363 0.918955 0.000327 -0.000000 -0.000037 -0.000340 1.000000 -0.000000 0.000000 0.000000 0.000000 1.000000
0.918955 -0.394363 -0.000100 0.441847 0.394363 0.918955 0.000327 -0.000000 -0.000037 -0.000340 1.000000 0.000000 0.000000 0.000000 0.000000 1.000000
0.918955 -0.394363 -0.000100 0.441847 0.394363 0.918955 0.000327 0.000000 -0.000037 -0.000340 1.000000 0.000000 0.000000 0.000000 0.000000 1.000000
0.918955 -0.394363 -0.000100 0.441847 0.394363 0.918955 0.000327 0.000000 -0.000037 -0.000340 1.000000 0.000000 0.000000 0.000000 0.000000 1.000000
0.918955 -0.394363 -0.000100 0.441847 0.394363 0.918955 0.000327 -0.000000 -0.000037 -0.000340 1.000000 0.000000 0.000000 0.000000 0.000000 1.000000
0.918955 -0.394363 -0.000100 0.441847 0.394363 0.918955 0.000327 -0.000000 -0.000037 -0.000340 1.000000 0.000000 0.000000 0.000000 0.000000 1.000000
0.918955 -0.394363 -0.000100 0.441847 0.394363 0.918955 0.000327 0.000000 -0.000037 -0.000340 1.000000 0.000000 0.000000 0.000000 0.000000 1.000000
0.918955 -0.394363 -0.000100 0.441847 0.394363 0.918955 0.000327 -0.000000 -0.000037 -0.000340 1.000000 0.000000 0.000000 0.000000 0.000000 1.000000
0.918955 -0.394363 -0.000100 0.441847 0.394363 0.918955 0.000327 0.000000 -0.000037 -0.000340 1.000000 0.000000 0.000000 0.000000 0.000000 1.000000
0.918955 -0.394363 -0.000100 0.441847 0.394363 0.918955 0.000327 -0.000000 -0.000037 -0.000340 1.000000 0.000000 0.000000 0.000000 0.000000 1.000000
0.918955 -0.394363 -0.000100 0.441847 0.394363 0.918955 0.000327 -0.000000 -0.000037 -0.000340 1.000000 0.000000 0.000000 0.000000 0.000000 1.000000
0.918955 -0.394363 -0.000100 0.441847 0.394363 0.918955 0.000327 0.000000 -0.000037 -0.000340 1.000000 0.000000 0.000000 0.000000 0.000000 1.000000
0.918955 -0.394363 -0.000100 0.441847 0.394363 0.918955 0.000327 -0.000000 -0.000037 -0.000340 1.000000 0.000000 0.000000 0.000000 0.000000 1.000000
0.918955 -0.394363 -0.000100 0.441847 0.394363 0.918955 0.000327 -0.000000 -0.000037 -0.000340 1.000000 0.000000 0.000000 0.000000 0.000000 1.000000
0.918955 -0.394363 -0.000099 0.441847 0.394363 0.918955 0.000327 0.000000 -0.000038 -0.000340 1.000000 0.000000 0.000000 0.000000 0.000000 1.000000
0.918955 -0.394363 -0.000099 0.441847 0.394363 0.918955 0.000327 -0.000000 -0.000038 -0.000340 1.000000 0.000000 0.000000 0.000000 0.000000 1.000000
0.918955 -0.394363 -0.000099 0.441847 0.394363 0.918955 0.000327 0.000000 -0.000038 -0.000340 1.000000 0.000000 0.000000 0.000000 0.000000 1.000000
0.918955 -0.394363 -0.000099 0.441847 0.394363 0.918955 0.000327 0.000000 -0.000038 -0.000340 1.000000 0.000000 0.000000 0.000000 0.000000 1.000000
0.918955 -0.394363 -0.000099 0.441847 0.394363 0.918955 0.000327 -0.000000 -0.000038 -0.000340 1.000000 0.000000 0.000000 0.000000 0.000000 1.000000
0.918955 -0.394363 -0.000099 0.441847 0.394363 0.918955 0.000327 0.000000 -0.000038 -0.000340 1.000000 0.000000 0.000000 0.000000 0.000000 1.000000
0.918955 -0.394363 -0.000099 0.441847 0.394363 0.918955 0.000327 -0.000000 -0.000038 -0.000340 1.000000 0.000000 0.000000 0.000000 0.000000 1.000000</float_array><technique_common><accessor source="#jnt_right_toebase-Matrix-animation-output-transform-array" count="21" stride="16"><param type="float4x4"/></accessor></technique_common></source><source id="jnt_right_toebase-Interpolations"><Name_array id="jnt_right_toebase-Interpolations-array" count="21">
 LINEAR LINEAR LINEAR LINEAR LINEAR LINEAR LINEAR LINEAR LINEAR LINEAR LINEAR
LINEAR LINEAR LINEAR LINEAR LINEAR LINEAR LINEAR LINEAR LINEAR LINEAR</Name_array><technique_common><accessor source="#jnt_right_toebase-Interpolations-array" count="21"><param type="name"/></accessor></technique_common></source><sampler id="jnt_right_toebase-Matrix-animation-transform"><input semantic="INPUT" source="#jnt_right_toebase-Matrix-animation-input"/><input semantic="OUTPUT" source="#jnt_right_toebase-Matrix-animation-output-transform"/><input semantic="INTERPOLATION" source="#jnt_right_toebase-Interpolations"/></sampler><channel source="#jnt_right_toebase-Matrix-animation-transform" target="jnt_right_toebase/matrix"/></animation></animation>
    <animation id="jnt_right_toeend-anim" name="jnt_right_toeend"><animation><source id="jnt_right_toeend-Matrix-animation-input"><float_array id="jnt_right_toeend-Matrix-animation-input-array" count="21">

0.000000 0.033333 0.066667 0.100000 0.133333 0.166667 0.200000 0.233333 0.266667 0.300000 0.333333 0.366667 0.400000 0.433333 0.466667 0.500000
0.533333 0.566667 0.600000 0.633333 0.666667</float_array><technique_common><accessor source="#jnt_right_toeend-Matrix-animation-input-array" count="21"><param name="TIME" type="float"/></accessor></technique_common></source><source id="jnt_right_toeend-Matrix-animation-output-transform"><float_array id="jnt_right_toeend-Matrix-animation-output-transform-array" count="336">

1.000000 0.000000 0.000000 0.379397 0.000000 1.000000 0.000000 0.000000 0.000000 0.000000 1.000000 -0.000000 0.000000 0.000000 0.000000 1.000000
1.000000 0.000000 0.000000 0.379397 0.000000 1.000000 0.000000 0.000000 0.000000 -0.000000 1.000000 -0.000000 0.000000 0.000000 0.000000 1.000000
1.000000 -0.000000 -0.000000 0.379397 0.000000 1.000000 -0.000000 0.000000 -0.000000 -0.000000 1.000000 -0.000000 0.000000 0.000000 0.000000 1.000000
1.000000 0.000000 0.000000 0.379397 0.000000 1.000000 -0.000000 0.000000 0.000000 0.000000 1.000000 -0.000000 0.000000 0.000000 0.000000 1.000000
1.000000 -0.000000 0.000000 0.379397 0.000000 1.000000 0.000000 0.000000 0.000000 0.000000 1.000000 -0.000000 0.000000 0.000000 0.000000 1.000000
1.000000 -0.000000 -0.000000 0.379397 0.000000 1.000000 -0.000000 0.000000 0.000000 -0.000000 1.000000 -0.000000 0.000000 0.000000 0.000000 1.000000
1.000000 -0.000000 0.000000 0.379397 -0.000000 1.000000 -0.000000 0.000000 0.000000 0.000000 1.000000 -0.000000 0.000000 0.000000 0.000000 1.000000
1.000000 0.000000 0.000000 0.379397 0.000000 1.000000 -0.000000 0.000000 -0.000000 -0.000000 1.000000 -0.000000 0.000000 0.000000 0.000000 1.000000
1.000000 0.000000 0.000000 0.379397 0.000000 1.000000 0.000000 0.000000 0.000000 -0.000000 1.000000 0.000000 0.000000 0.000000 0.000000 1.000000
1.000000 -0.000000 -0.000000 0.379397 -0.000000 1.000000 -0.000000 0.000000 -0.000000 -0.000000 1.000000 0.000000 0.000000 0.000000 0.000000 1.000000
1.000000 -0.000000 -0.000000 0.379397 -0.000000 1.000000 0.000000 0.000000 0.000000 -0.000000 1.000000 0.000000 0.000000 0.000000 0.000000 1.000000
1.000000 0.000000 0.000000 0.379397 0.000000 1.000000 -0.000000 0.000000 -0.000000 0.000000 1.000000 -0.000000 0.000000 0.000000 0.000000 1.000000
1.000000 -0.000000 0.000000 0.379397 0.000000 1.000000 -0.000000 0.000000 0.000000 0.000000 1.000000 0.000000 0.000000 0.000000 0.000000 1.000000
1.000000 -0.000000 -0.000000 0.379397 0.000000 1.000000 0.000000 0.000000 0.000000 0.000000 1.000000 -0.000000 0.000000 0.000000 0.000000 1.000000
1.000000 -0.000000 0.000000 0.379397 0.000000 1.000000 0.000000 0.000000 0.000000 0.000000 1.000000 -0.000000 0.000000 0.000000 0.000000 1.000000
1.000000 0.000000 0.000000 0.379397 -0.000000 1.000000 0.000000 0.000000 0.000000 -0.000000 1.000000 0.000000 0.000000 0.000000 0.000000 1.000000
1.000000 -0.000000 0.000000 0.379397 0.000000 1.000000 0.000000 0.000000 0.000000 0.000000 1.000000 -0.000000 0.000000 0.000000 0.000000 1.000000
1.000000 0.000000 0.000000 0.379397 -0.000000 1.000000 0.000000 0.000000 0.000000 0.000000 1.000000 -0.000000 0.000000 0.000000 0.000000 1.000000
1.000000 0.000000 0.000000 0.379397 -0.000000 1.000000 0.000000 0.000000 0.000000 -0.000000 1.000000 -0.000000 0.000000 0.000000 0.000000 1.000000
1.000000 0.000000 0.000000 0.379397 -0.000000 1.000000 -0.000000 0.000000 0.000000 0.000000 1.000000 0.000000 0.000000 0.000000 0.000000 1.000000
1.000000 0.000000 0.000000 0.379397 0.000000 1.000000 0.000000 0.000000 0.000000 -0.000000 1.000000 0.000000 0.000000 0.000000 0.000000 1.000000</float_array><technique_common><accessor source="#jnt_right_toeend-Matrix-animation-output-transform-array" count="21" stride="16"><param type="float4x4"/></accessor></technique_common></source><source id="jnt_right_toeend-Interpolations"><Name_array id="jnt_right_toeend-Interpolations-array" count="21">
 LINEAR LINEAR LINEAR LINEAR LINEAR LINEAR LINEAR LINEAR LINEAR LINEAR LINEAR
LINEAR LINEAR LINEAR LINEAR LINEAR LINEAR LINEAR LINEAR LINEAR LINEAR</Name_array><technique_common><accessor source="#jnt_right_toeend-Interpolations-array" count="21"><param type="name"/></accessor></technique_common></source><sampler id="jnt_right_toeend-Matrix-animation-transform"><input semantic="INPUT" source="#jnt_right_toeend-Matrix-animation-input"/><input semantic="OUTPUT" source="#jnt_right_toeend-Matrix-animation-output-transform"/><input semantic="INTERPOLATION" source="#jnt_right_toeend-Interpolations"/></sampler><channel source="#jnt_right_toeend-Matrix-animation-transform" target="jnt_right_toeend/matrix"/></animation></animation>
    <animation id="jnt_left_upleg-anim" name="jnt_left_upleg"><animation><source id="jnt_left_upleg-Matrix-animation-input"><float_array id="jnt_left_upleg-Matrix-animation-input-array" count="21">

0.000000 0.033333 0.066667 0.100000 0.133333 0.166667 0.200000 0.233333 0.266667 0.300000 0.333333 0.366667 0.400000 0.433333 0.466667 0.500000
