<?xml version="1.0" encoding="utf-8"?>
<COLLADA xmlns="http://www.collada.org/2005/11/COLLADASchema" version="1.4.1">
  <asset><contributor><author></author><authoring_tool>FBX COLLADA exporter</authoring_tool><comments></comments></contributor><created>2019-02-14T11:13:09Z</created><keywords></keywords><modified>2019-02-14T11:13:09Z</modified><revision></revision><subject></subject><title></title><unit meter="0.010000" name="centimeter"></unit><up_axis>Y_UP</up_axis></asset>
  <library_animations>
    <animation id="root_jnt-anim" name="root_jnt"><animation><source id="root_jnt-Matrix-animation-input"><float_array id="root_jnt-Matrix-animation-input-array" count="21">

0.000000 0.033333 0.066667 0.100000 0.133333 0.166667 0.200000 0.233333 0.266667 0.300000 0.333333 0.366667 0.400000 0.433333 0.466667 0.500000
0.533333 0.566667 0.600000 0.633333 0.666667</float_array><technique_common><accessor source="#root_jnt-Matrix-animation-input-array" count="21"><param name="TIME" type="float"/></accessor></technique_common></source><source id="root_jnt-Matrix-animation-output-transform"><float_array id="root_jnt-Matrix-animation-output-transform-array" count="336">

1.000000 0.000000 0.000000 0.000000 0.000000 1.000000 0.000000 0.000000 0.000000 0.000000 1.000000 0.000000 0.000000 0.000000 0.000000 1.000000
1.000000 0.000000 0.000000 0.000000 0.000000 1.000000 0.000000 0.000000 0.000000 0.000000 1.000000 0.000000 0.000000 0.000000 0.000000 1.000000
1.000000 0.000000 0.000000 0.000000 0.000000 1.000000 0.000000 0.000000 0.000000 0.000000 1.000000 0.000000 0.000000 0.000000 0.000000 1.000000
1.000000 0.000000 0.000000 0.000000 0.000000 1.000000 0.000000 0.000000 0.000000 0.000000 1.000000 0.000000 0.000000 0.000000 0.000000 1.000000
1.000000 0.000000 0.000000 0.000000 0.000000 1.000000 0.000000 0.000000 0.000000 0.000000 1.000000 0.000000 0.000000 0.000000 0.000000 1.000000
1.000000 0.000000 0.000000 0.000000 0.000000 1.000000 0.000000 0.000000 0.000000 0.000000 1.000000 0.000000 0.000000 0.000000 0.000000 1.000000
1.000000 0.000000 0.000000 0.000000 0.000000 1.000000 0.000000 0.000000 0.000000 0.000000 1.000000 0.000000 0.000000 0.000000 0.000000 1.000000
1.000000 0.000000 0.000000 0.000000 0.000000 1.000000 0.000000 0.000000 0.000000 0.000000 1.000000 0.000000 0.000000 0.000000 0.000000 1.000000
1.000000 0.000000 0.000000 0.000000 0.000000 1.000000 0.000000 0.000000 0.000000 0.000000 1.000000 0.000000 0.000000 0.000000 0.000000 1.000000
1.000000 0.000000 0.000000 0.000000 0.000000 1.000000 0.000000 0.000000 0.000000 0.000000 1.000000 0.000000 0.000000 0.000000 0.000000 1.000000
1.000000 0.000000 0.000000 0.000000 0.000000 1.000000 0.000000 0.000000 0.000000 0.000000 1.000000 0.000000 0.000000 0.000000 0.000000 1.000000
1.000000 0.000000 0.000000 0.000000 0.000000 1.000000 0.000000 0.000000 0.000000 0.000000 1.000000 0.000000 0.000000 0.000000 0.000000 1.000000
1.000000 0.000000 0.000000 0.000000 0.000000 1.000000 0.000000 0.000000 0.000000 0.000000 1.000000 0.000000 0.000000 0.000000 0.000000 1.000000
1.000000 0.000000 0.000000 0.000000 0.000000 1.000000 0.000000 0.000000 0.000000 0.000000 1.000000 0.000000 0.000000 0.000000 0.000000 1.000000
1.000000 0.000000 0.000000 0.000000 0.000000 1.000000 0.000000 0.000000 0.000000 0.000000 1.000000 0.000000 0.000000 0.000000 0.000000 1.000000
1.000000 0.000000 0.000000 0.000000 0.000000 1.000000 0.000000 0.000000 0.000000 0.000000 1.000000 0.000000 0.000000 0.000000 0.000000 1.000000
1.000000 0.000000 0.000000 0.000000 0.000000 1.000000 0.000000 0.000000 0.000000 0.000000 1.000000 0.000000 0.000000 0.000000 0.000000 1.000000
1.000000 0.000000 0.000000 0.000000 0.000000 1.000000 0.000000 0.000000 0.000000 0.000000 1.000000 0.000000 0.000000 0.000000 0.000000 1.000000
1.000000 0.000000 0.000000 0.000000 0.000000 1.000000 0.000000 0.000000 0.000000 0.000000 1.000000 0.000000 0.000000 0.000000 0.000000 1.000000
1.000000 0.000000 0.000000 0.000000 0.000000 1.000000 0.000000 0.000000 0.000000 0.000000 1.000000 0.000000 0.000000 0.000000 0.000000 1.000000
1.000000 0.000000 0.000000 0.000000 0.000000 1.000000 0.000000 0.000000 0.000000 0.000000 1.000000 0.000000 0.000000 0.000000 0.000000 1.000000</float_array><technique_common><accessor source="#root_jnt-Matrix-animation-output-transform-array" count="21" stride="16"><param type="float4x4"/></accessor></technique_common></source><source id="root_jnt-Interpolations"><Name_array id="root_jnt-Interpolations-array" count="21">
 LINEAR LINEAR LINEAR LINEAR LINEAR LINEAR LINEAR LINEAR LINEAR LINEAR LINEAR
LINEAR LINEAR LINEAR LINEAR LINEAR LINEAR LINEAR LINEAR LINEAR LINEAR</Name_array><technique_common><accessor source="#root_jnt-Interpolations-array" count="21"><param type="name"/></accessor></technique_common></source><sampler id="root_jnt-Matrix-animation-transform"><input semantic="INPUT" source="#root_jnt-Matrix-animation-input"/><input semantic="OUTPUT" source="#root_jnt-Matrix-animation-output-transform"/><input semantic="INTERPOLATION" source="#root_jnt-Interpolations"/></sampler><channel source="#root_jnt-Matrix-animation-transform" target="root_jnt/matrix"/></animation></animation>
    <animation id="jnt_hips-anim" name="jnt_hips"><animation><source id="jnt_hips-Matrix-animation-input"><float_array id="jnt_hips-Matrix-animation-input-array" count="21">

0.000000 0.033333 0.066667 0.100000 0.133333 0.166667 0.200000 0.233333 0.266667 0.300000 0.333333 0.366667 0.400000 0.433333 0.466667 0.500000
0.533333 0.566667 0.600000 0.633333 0.666667</float_array><technique_common><accessor source="#jnt_hips-Matrix-animation-input-array" count="21"><param name="TIME" type="float"/></accessor></technique_common></source><source id="jnt_hips-Matrix-animation-output-transform"><float_array id="jnt_hips-Matrix-animation-output-transform-array" count="336">

1.000000 0.000000 0.000000 0.000000 0.000000 1.000000 0.000000 4.862378 0.000000 0.000000 1.000000 -0.094053 0.000000 0.000000 0.000000 1.000000
1.000000 0.000000 0.000000 0.000000 0.000000 0.999327 -0.036690 4.862378 0.000000 0.036690 0.999327 -0.094053 0.000000 0.000000 0.000000 1.000000
1.000000 0.000000 0.000000 0.000000 0.000000 0.992296 -0.123890 4.862378 0.000000 0.123890 0.992296 -0.094053 0.000000 0.000000 0.000000 1.000000
1.000000 0.000000 0.000000 0.000000 0.000000 0.973971 -0.226671 4.862378 0.000000 0.226671 0.973971 -0.094053 0.000000 0.000000 0.000000 1.000000
1.000000 0.000000 0.000000 0.000000 0.000000 0.950433 -0.310929 4.862378 0.000000 0.310929 0.950433 -0.094053 0.000000 0.000000 0.000000 1.000000
1.000000 0.000000 0.000000 0.000000 0.000000 0.938385 -0.345591 4.862378 0.000000 0.345591 0.938385 -0.094053 0.000000 0.000000 0.000000 1.000000
1.000000 0.000000 0.000000 0.000000 0.000000 0.935204 -0.354109 4.862378 0.000000 0.354109 0.935204 -0.094053 0.000000 0.000000 0.000000 1.000000
1.000000 0.000000 0.000000 0.000000 0.000000 0.927307 -0.374301 4.862378 0.000000 0.374301 0.927307 -0.094053 0.000000 0.000000 0.000000 1.000000
1.000000 0.000000 0.000000 0.000000 0.000000 0.917311 -0.398171 4.862378 0.000000 0.398171 0.917311 -0.094053 0.000000 0.000000 0.000000 1.000000
1.000000 0.000000 0.000000 0.000000 0.000000 0.908463 -0.417965 4.862378 0.000000 0.417965 0.908463 -0.094053 0.000000 0.000000 0.000000 1.000000
1.000000 0.000000 0.000000 0.000000 0.000000 0.904625 -0.426208 4.862378 0.000000 0.426208 0.904625 -0.094053 0.000000 0.000000 0.000000 1.000000
1.000000 0.000000 0.000000 0.000000 0.000000 0.909811 -0.415023 4.862378 0.000000 0.415023 0.909811 -0.094053 0.000000 0.000000 0.000000 1.000000
1.000000 0.000000 0.000000 0.000000 0.000000 0.923187 -0.384352 4.862378 0.000000 0.384352 0.923187 -0.094053 0.000000 0.000000 0.000000 1.000000
1.000000 0.000000 0.000000 0.000000 0.000000 0.941010 -0.338378 4.862378 0.000000 0.338378 0.941010 -0.094053 0.000000 0.000000 0.000000 1.000000
1.000000 0.000000 0.000000 0.000000 0.000000 0.959574 -0.281457 4.862378 0.000000 0.281457 0.959574 -0.094053 0.000000 0.000000 0.000000 1.000000
1.000000 0.000000 0.000000 0.000000 0.000000 0.975865 -0.218374 4.862378 0.000000 0.218374 0.975865 -0.094053 0.000000 0.000000 0.000000 1.000000
1.000000 0.000000 0.000000 0.000000 0.000000 0.988014 -0.154365 4.862378 0.000000 0.154365 0.988014 -0.094053 0.000000 0.000000 0.000000 1.000000
1.000000 0.000000 0.000000 0.000000 0.000000 0.995481 -0.094961 4.862378 0.000000 0.094961 0.995481 -0.094053 0.000000 0.000000 0.000000 1.000000
1.000000 0.000000 0.000000 0.000000 0.000000 0.998952 -0.045775 4.862378 0.000000 0.045775 0.998952 -0.094053 0.000000 0.000000 0.000000 1.000000
1.000000 0.000000 0.000000 0.000000 0.000000 0.999924 -0.012328 4.862378 0.000000 0.012328 0.999924 -0.094053 0.000000 0.000000 0.000000 1.000000
1.000000 0.000000 0.000000 0.000000 0.000000 1.000000 0.000000 4.862378 0.000000 0.000000 1.000000 -0.094053 0.000000 0.000000 0.000000 1.000000</float_array><technique_common><accessor source="#jnt_hips-Matrix-animation-output-transform-array" count="21" stride="16"><param type="float4x4"/></accessor></technique_common></source><source id="jnt_hips-Interpolations"><Name_array id="jnt_hips-Interpolations-array" count="21">
 LINEAR LINEAR LINEAR LINEAR LINEAR LINEAR LINEAR LINEAR LINEAR LINEAR LINEAR
LINEAR LINEAR LINEAR LINEAR LINEAR LINEAR LINEAR LINEAR LINEAR LINEAR</Name_array><technique_common><accessor source="#jnt_hips-Interpolations-array" count="21"><param type="name"/></accessor></technique_common></source><sampler id="jnt_hips-Matrix-animation-transform"><input semantic="INPUT" source="#jnt_hips-Matrix-animation-input"/><input semantic="OUTPUT" source="#jnt_hips-Matrix-animation-output-transform"/><input semantic="INTERPOLATION" source="#jnt_hips-Interpolations"/></sampler><channel source="#jnt_hips-Matrix-animation-transform" target="jnt_hips/matrix"/></animation></animation>
    <animation id="jnt_pelvis-anim" name="jnt_pelvis"><animation><source id="jnt_pelvis-Matrix-animation-input"><float_array id="jnt_pelvis-Matrix-animation-input-array" count="21">

0.000000 0.033333 0.066667 0.100000 0.133333 0.166667 0.200000 0.233333 0.266667 0.300000 0.333333 0.366667 0.400000 0.433333 0.466667 0.500000
0.533333 0.566667 0.600000 0.633333 0.666667</float_array><technique_common><accessor source="#jnt_pelvis-Matrix-animation-input-array" count="21"><param name="TIME" type="float"/></accessor></technique_common></source><source id="jnt_pelvis-Matrix-animation-output-transform"><float_array id="jnt_pelvis-Matrix-animation-output-transform-array" count="336">

1.000000 0.000003 0.000000 0.025752 -0.000003 1.000000 0.000000 -0.431976 0.000000 0.000000 1.000000 -0.213015 0.000000 0.000000 0.000000 1.000000
0.998963 0.000003 0.045537 0.025752 -0.000003 1.000000 -0.000000 -0.431976 -0.045537 -0.000000 0.998963 -0.213015 0.000000 0.000000 0.000000 1.000000
0.984564 0.000003 0.175023 0.025752 -0.000003 1.000000 -0.000000 -0.431976 -0.175023 -0.000000 0.984564 -0.213015 0.000000 0.000000 0.000000 1.000000
0.928031 0.000002 0.372502 0.025752 -0.000003 1.000000 0.000000 -0.431976 -0.372502 -0.000001 0.928031 -0.213015 0.000000 0.000000 0.000000 1.000000
0.793990 0.000002 0.607930 0.025752 -0.000003 1.000000 -0.000000 -0.431976 -0.607930 -0.000002 0.793990 -0.213015 0.000000 0.000000 0.000000 1.000000
0.555570 0.000001 0.831470 0.025752 -0.000003 1.000000 -0.000000 -0.431976 -0.831470 -0.000002 0.555570 -0.213015 0.000000 0.000000 0.000000 1.000000
0.212007 0.000001 0.977268 0.025752 -0.000003 1.000000 0.000000 -0.431976 -0.977268 -0.000003 0.212007 -0.213015 0.000000 0.000000 0.000000 1.000000
-0.198171 -0.000001 0.980168 0.025752 -0.000003 1.000000 -0.000000 -0.431976 -0.980168 -0.000003 -0.198171 -0.213015 0.000000 0.000000 0.000000 1.000000
-0.597905 -0.000002 0.801567 0.025752 -0.000003 1.000000 -0.000000 -0.431976 -0.801567 -0.000002 -0.597905 -0.213015 0.000000 0.000000 0.000000 1.000000
-0.891719 -0.000002 0.452590 0.025752 -0.000003 1.000000 -0.000000 -0.431976 -0.452590 -0.000001 -0.891719 -0.213015 0.000000 0.000000 0.000000 1.000000
-1.000000 -0.000003 0.000000 0.025752 -0.000003 1.000000 -0.000000 -0.431976 -0.000000 -0.000000 -1.000000 -0.213015 0.000000 0.000000 0.000000 1.000000
-0.891719 -0.000002 -0.452590 0.025752 -0.000003 1.000000 -0.000000 -0.431976 0.452590 0.000001 -0.891719 -0.213015 0.000000 0.000000 0.000000 1.000000
-0.597905 -0.000002 -0.801567 0.025752 -0.000003 1.000000 0.000000 -0.431976 0.801567 0.000002 -0.597905 -0.213015 0.000000 0.000000 0.000000 1.000000
-0.198170 -0.000001 -0.980168 0.025752 -0.000003 1.000000 -0.000000 -0.431976 0.980168 0.000003 -0.198170 -0.213015 0.000000 0.000000 0.000000 1.000000
0.212007 0.000001 -0.977268 0.025752 -0.000003 1.000000 -0.000000 -0.431976 0.977268 0.000003 0.212007 -0.213015 0.000000 0.000000 0.000000 1.000000
0.555570 0.000001 -0.831470 0.025752 -0.000003 1.000000 -0.000000 -0.431976 0.831470 0.000002 0.555570 -0.213015 0.000000 0.000000 0.000000 1.000000
0.793990 0.000002 -0.607930 0.025752 -0.000003 1.000000 0.000000 -0.431976 0.607930 0.000002 0.793990 -0.213015 0.000000 0.000000 0.000000 1.000000
0.928031 0.000002 -0.372502 0.025752 -0.000003 1.000000 -0.000000 -0.431976 0.372502 0.000001 0.928031 -0.213015 0.000000 0.000000 0.000000 1.000000
0.984564 0.000003 -0.175023 0.025752 -0.000003 1.000000 0.000000 -0.431976 0.175023 0.000000 0.984564 -0.213015 0.000000 0.000000 0.000000 1.000000
0.998963 0.000003 -0.045537 0.025752 -0.000003 1.000000 -0.000000 -0.431976 0.045537 0.000000 0.998963 -0.213015 0.000000 0.000000 0.000000 1.000000
1.000000 0.000003 -0.000000 0.025752 -0.000003 1.000000 0.000000 -0.431976 0.000000 0.000000 1.000000 -0.213015 0.000000 0.000000 0.000000 1.000000</float_array><technique_common><accessor source="#jnt_pelvis-Matrix-animation-output-transform-array" count="21" stride="16"><param type="float4x4"/></accessor></technique_common></source><source id="jnt_pelvis-Interpolations"><Name_array id="jnt_pelvis-Interpolations-array" count="21">
 LINEAR LINEAR LINEAR LINEAR LINEAR LINEAR LINEAR LINEAR LINEAR LINEAR LINEAR
LINEAR LINEAR LINEAR LINEAR LINEAR LINEAR LINEAR LINEAR LINEAR LINEAR</Name_array><technique_common><accessor source="#jnt_pelvis-Interpolations-array" count="21"><param type="name"/></accessor></technique_common></source><sampler id="jnt_pelvis-Matrix-animation-transform"><input semantic="INPUT" source="#jnt_pelvis-Matrix-animation-input"/><input semantic="OUTPUT" source="#jnt_pelvis-Matrix-animation-output-transform"/><input semantic="INTERPOLATION" source="#jnt_pelvis-Interpolations"/></sampler><channel source="#jnt_pelvis-Matrix-animation-transform" target="jnt_pelvis/matrix"/></animation></animation>
    <animation id="jnt_left_leg1-anim" name="jnt_left_leg1"><animation><source id="jnt_left_leg1-Matrix-animation-input"><float_array id="jnt_left_leg1-Matrix-animation-input-array" count="21">

0.000000 0.033333 0.066667 0.100000 0.133333 0.166667 0.200000 0.233333 0.266667 0.300000 0.333333 0.366667 0.400000 0.433333 0.466667 0.500000
0.533333 0.566667 0.600000 0.633333 0.666667</float_array><technique_common><accessor source="#jnt_left_leg1-Matrix-animation-input-array" count="21"><param name="TIME" type="float"/></accessor></technique_common></source><source id="jnt_left_leg1-Matrix-animation-output-transform"><float_array id="jnt_left_leg1-Matrix-animation-output-transform-array" count="336">

0.779831 0.362263 -0.510518 0.500157 -0.443080 0.895528 -0.041351 -0.457422 0.442203 0.258447 0.858872 0.000000 0.000000 0.000000 0.000000 1.000000
0.779831 0.362263 -0.510518 0.500157 -0.443080 0.895528 -0.041351 -0.457422 0.442203 0.258447 0.858872 -0.000000 0.000000 0.000000 0.000000 1.000000
0.779831 0.362263 -0.510518 0.500157 -0.443080 0.895528 -0.041351 -0.457422 0.442203 0.258447 0.858872 0.000000 0.000000 0.000000 0.000000 1.000000
0.779831 0.362263 -0.510518 0.500157 -0.443080 0.895528 -0.041351 -0.457422 0.442203 0.258447 0.858872 0.000000 0.000000 0.000000 0.000000 1.000000
0.779831 0.362263 -0.510518 0.500157 -0.443080 0.895528 -0.041351 -0.457422 0.442203 0.258447 0.858872 -0.000000 0.000000 0.000000 0.000000 1.000000
0.779831 0.362263 -0.510518 0.500157 -0.443080 0.895528 -0.041351 -0.457422 0.442203 0.258447 0.858872 0.000000 0.000000 0.000000 0.000000 1.000000
0.779831 0.362263 -0.510518 0.500157 -0.443080 0.895528 -0.041351 -0.457422 0.442203 0.258447 0.858872 0.000000 0.000000 0.000000 0.000000 1.000000
0.779831 0.362263 -0.510518 0.500157 -0.443080 0.895528 -0.041351 -0.457422 0.442203 0.258447 0.858872 -0.000000 0.000000 0.000000 0.000000 1.000000
0.779831 0.362263 -0.510518 0.500157 -0.443080 0.895528 -0.041351 -0.457422 0.442203 0.258447 0.858872 -0.000000 0.000000 0.000000 0.000000 1.000000
0.779831 0.362263 -0.510518 0.500157 -0.443080 0.895528 -0.041351 -0.457422 0.442203 0.258447 0.858872 0.000000 0.000000 0.000000 0.000000 1.000000
0.779831 0.362263 -0.510518 0.500157 -0.443080 0.895528 -0.041351 -0.457422 0.442203 0.258447 0.858872 0.000000 0.000000 0.000000 0.000000 1.000000
0.779831 0.362263 -0.510518 0.500157 -0.443080 0.895528 -0.041351 -0.457422 0.442203 0.258447 0.858872 0.000000 0.000000 0.000000 0.000000 1.000000
0.779831 0.362263 -0.510518 0.500157 -0.443080 0.895528 -0.041351 -0.457422 0.442203 0.258447 0.858872 -0.000000 0.000000 0.000000 0.000000 1.000000
0.779831 0.362263 -0.510518 0.500157 -0.443080 0.895528 -0.041351 -0.457422 0.442203 0.258447 0.858872 0.000000 0.000000 0.000000 0.000000 1.000000
0.779831 0.362263 -0.510518 0.500157 -0.443080 0.895528 -0.041351 -0.457422 0.442203 0.258447 0.858872 0.000000 0.000000 0.000000 0.000000 1.000000
0.779831 0.362263 -0.510518 0.500157 -0.443080 0.895528 -0.041351 -0.457422 0.442203 0.258447 0.858872 0.000000 0.000000 0.000000 0.000000 1.000000
0.779831 0.362263 -0.510518 0.500157 -0.443080 0.895528 -0.041351 -0.457422 0.442203 0.258447 0.858872 -0.000000 0.000000 0.000000 0.000000 1.000000
0.779831 0.362263 -0.510518 0.500157 -0.443080 0.895528 -0.041351 -0.457422 0.442203 0.258447 0.858872 -0.000000 0.000000 0.000000 0.000000 1.000000
0.779831 0.362263 -0.510518 0.500157 -0.443080 0.895528 -0.041351 -0.457422 0.442203 0.258447 0.858872 0.000000 0.000000 0.000000 0.000000 1.000000
0.779831 0.362263 -0.510518 0.500157 -0.443080 0.895528 -0.041351 -0.457422 0.442203 0.258447 0.858872 -0.000000 0.000000 0.000000 0.000000 1.000000
0.779831 0.362263 -0.510518 0.500157 -0.443080 0.895528 -0.041351 -0.457422 0.442203 0.258447 0.858872 0.000000 0.000000 0.000000 0.000000 1.000000</float_array><technique_common><accessor source="#jnt_left_leg1-Matrix-animation-output-transform-array" count="21" stride="16"><param type="float4x4"/></accessor></technique_common></source><source id="jnt_left_leg1-Interpolations"><Name_array id="jnt_left_leg1-Interpolations-array" count="21">
 LINEAR LINEAR LINEAR LINEAR LINEAR LINEAR LINEAR LINEAR LINEAR LINEAR LINEAR
LINEAR LINEAR LINEAR LINEAR LINEAR LINEAR LINEAR LINEAR LINEAR LINEAR</Name_array><technique_common><accessor source="#jnt_left_leg1-Interpolations-array" count="21"><param type="name"/></accessor></technique_common></source><sampler id="jnt_left_leg1-Matrix-animation-transform"><input semantic="INPUT" source="#jnt_left_leg1-Matrix-animation-input"/><input semantic="OUTPUT" source="#jnt_left_leg1-Matrix-animation-output-transform"/><input semantic="INTERPOLATION" source="#jnt_left_leg1-Interpolations"/></sampler><channel source="#jnt_left_leg1-Matrix-animation-transform" target="jnt_left_leg1/matrix"/></animation></animation>
    <animation id="jnt_left_leg2-anim" name="jnt_left_leg2"><animation><source id="jnt_left_leg2-Matrix-animation-input"><float_array id="jnt_left_leg2-Matrix-animation-input-array" count="21">

0.000000 0.033333 0.066667 0.100000 0.133333 0.166667 0.200000 0.233333 0.266667 0.300000 0.333333 0.366667 0.400000 0.433333 0.466667 0.500000
0.533333 0.566667 0.600000 0.633333 0.666667</float_array><technique_common><accessor source="#jnt_left_leg2-Matrix-animation-input-array" count="21"><param name="TIME" type="float"/></accessor></technique_common></source><source id="jnt_left_leg2-Matrix-animation-output-transform"><float_array id="jnt_left_leg2-Matrix-animation-output-transform-array" count="336">

1.000000 0.000000 0.000000 0.572971 -0.000000 1.000000 0.000000 0.016592 -0.000000 -0.000000 1.000000 -0.000000 0.000000 0.000000 0.000000 1.000000
1.000000 -0.000000 0.000000 0.572971 0.000000 1.000000 0.000000 0.016592 -0.000000 -0.000000 1.000000 -0.000000 0.000000 0.000000 0.000000 1.000000
1.000000 -0.000000 -0.000000 0.572971 -0.000000 1.000000 0.000000 0.016592 0.000000 0.000000 1.000000 -0.000000 0.000000 0.000000 0.000000 1.000000
1.000000 0.000000 0.000000 0.572971 -0.000000 1.000000 0.000000 0.016592 0.000000 0.000000 1.000000 -0.000000 0.000000 0.000000 0.000000 1.000000
1.000000 -0.000000 0.000000 0.572971 -0.000000 1.000000 -0.000000 0.016592 0.000000 -0.000000 1.000000 -0.000000 0.000000 0.000000 0.000000 1.000000
1.000000 -0.000000 -0.000000 0.572971 0.000000 1.000000 -0.000000 0.016592 0.000000 0.000000 1.000000 -0.000000 0.000000 0.000000 0.000000 1.000000
1.000000 -0.000000 0.000000 0.572971 0.000000 1.000000 -0.000000 0.016592 0.000000 -0.000000 1.000000 -0.000000 0.000000 0.000000 0.000000 1.000000
1.000000 0.000000 0.000000 0.572971 0.000000 1.000000 0.000000 0.016592 0.000000 0.000000 1.000000 -0.000000 0.000000 0.000000 0.000000 1.000000
1.000000 0.000000 -0.000000 0.572971 0.000000 1.000000 -0.000000 0.016592 -0.000000 -0.000000 1.000000 -0.000000 0.000000 0.000000 0.000000 1.000000
1.000000 0.000000 0.000000 0.572971 0.000000 1.000000 -0.000000 0.016592 0.000000 -0.000000 1.000000 -0.000000 0.000000 0.000000 0.000000 1.000000
1.000000 -0.000000 0.000000 0.572971 -0.000000 1.000000 0.000000 0.016592 -0.000000 -0.000000 1.000000 -0.000000 0.000000 0.000000 0.000000 1.000000
1.000000 0.000000 0.000000 0.572971 -0.000000 1.000000 0.000000 0.016592 0.000000 0.000000 1.000000 -0.000000 0.000000 0.000000 0.000000 1.000000
1.000000 -0.000000 -0.000000 0.572971 -0.000000 1.000000 0.000000 0.016592 -0.000000 0.000000 1.000000 -0.000000 0.000000 0.000000 0.000000 1.000000
1.000000 0.000000 0.000000 0.572971 0.000000 1.000000 0.000000 0.016592 0.000000 0.000000 1.000000 -0.000000 0.000000 0.000000 0.000000 1.000000
1.000000 -0.000000 -0.000000 0.572971 0.000000 1.000000 -0.000000 0.016592 0.000000 0.000000 1.000000 -0.000000 0.000000 0.000000 0.000000 1.000000
1.000000 -0.000000 -0.000000 0.572971 0.000000 1.000000 0.000000 0.016592 0.000000 -0.000000 1.000000 -0.000000 0.000000 0.000000 0.000000 1.000000
1.000000 0.000000 -0.000000 0.572971 0.000000 1.000000 -0.000000 0.016592 0.000000 0.000000 1.000000 -0.000000 0.000000 0.000000 0.000000 1.000000
1.000000 -0.000000 0.000000 0.572971 0.000000 1.000000 0.000000 0.016592 -0.000000 -0.000000 1.000000 -0.000000 0.000000 0.000000 0.000000 1.000000
1.000000 -0.000000 -0.000000 0.572971 0.000000 1.000000 -0.000000 0.016592 -0.000000 0.000000 1.000000 -0.000000 0.000000 0.000000 0.000000 1.000000
1.000000 0.000000 -0.000000 0.572971 0.000000 1.000000 0.000000 0.016592 -0.000000 0.000000 1.000000 -0.000000 0.000000 0.000000 0.000000 1.000000
1.000000 -0.000000 0.000000 0.572971 -0.000000 1.000000 0.000000 0.016592 0.000000 0.000000 1.000000 -0.000000 0.000000 0.000000 0.000000 1.000000</float_array><technique_common><accessor source="#jnt_left_leg2-Matrix-animation-output-transform-array" count="21" stride="16"><param type="float4x4"/></accessor></technique_common></source><source id="jnt_left_leg2-Interpolations"><Name_array id="jnt_left_leg2-Interpolations-array" count="21">
 LINEAR LINEAR LINEAR LINEAR LINEAR LINEAR LINEAR LINEAR LINEAR LINEAR LINEAR
LINEAR LINEAR LINEAR LINEAR LINEAR LINEAR LINEAR LINEAR LINEAR LINEAR</Name_array><technique_common><accessor source="#jnt_left_leg2-Interpolations-array" count="21"><param type="name"/></accessor></technique_common></source><sampler id="jnt_left_leg2-Matrix-animation-transform"><input semantic="INPUT" source="#jnt_left_leg2-Matrix-animation-input"/><input semantic="OUTPUT" source="#jnt_left_leg2-Matrix-animation-output-transform"/><input semantic="INTERPOLATION" source="#jnt_left_leg2-Interpolations"/></sampler><channel source="#jnt_left_leg2-Matrix-animation-transform" target="jnt_left_leg2/matrix"/></animation></animation>
    <animation id="jnt_left_leg3-anim" name="jnt_left_leg3"><animation><source id="jnt_left_leg3-Matrix-animation-input"><float_array id="jnt_left_leg3-Matrix-animation-input-array" count="21">

0.000000 0.033333 0.066667 0.100000 0.133333 0.166667 0.200000 0.233333 0.266667 0.300000 0.333333 0.366667 0.400000 0.433333 0.466667 0.500000
0.533333 0.566667 0.600000 0.633333 0.666667</float_array><technique_common><accessor source="#jnt_left_leg3-Matrix-animation-input-array" count="21"><param name="TIME" type="float"/></accessor></technique_common></source><source id="jnt_left_leg3-Matrix-animation-output-transform"><float_array id="jnt_left_leg3-Matrix-animation-output-transform-array" count="336">

0.901784 0.428151 -0.058923 1.109408 -0.427931 0.903653 0.016933 -0.115050 0.060496 0.009945 0.998119 -0.000000 0.000000 0.000000 0.000000 1.000000
0.901784 0.428151 -0.058923 1.109408 -0.427931 0.903653 0.016933 -0.115050 0.060496 0.009945 0.998119 0.000000 0.000000 0.000000 0.000000 1.000000
0.901784 0.428151 -0.058923 1.109408 -0.427931 0.903653 0.016933 -0.115050 0.060496 0.009945 0.998119 0.000000 0.000000 0.000000 0.000000 1.000000
0.901784 0.428151 -0.058923 1.109408 -0.427931 0.903653 0.016933 -0.115050 0.060496 0.009945 0.998119 0.000000 0.000000 0.000000 0.000000 1.000000
0.901784 0.428151 -0.058923 1.109408 -0.427931 0.903653 0.016933 -0.115050 0.060496 0.009945 0.998119 0.000000 0.000000 0.000000 0.000000 1.000000
0.901784 0.428151 -0.058923 1.109408 -0.427931 0.903653 0.016933 -0.115050 0.060496 0.009945 0.998119 0.000000 0.000000 0.000000 0.000000 1.000000
0.901784 0.428151 -0.058923 1.109408 -0.427931 0.903653 0.016933 -0.115050 0.060496 0.009945 0.998119 -0.000000 0.000000 0.000000 0.000000 1.000000
0.901784 0.428151 -0.058923 1.109408 -0.427931 0.903653 0.016933 -0.115050 0.060496 0.009945 0.998119 -0.000000 0.000000 0.000000 0.000000 1.000000
0.901784 0.428151 -0.058923 1.109408 -0.427931 0.903653 0.016933 -0.115050 0.060496 0.009945 0.998119 -0.000000 0.000000 0.000000 0.000000 1.000000
0.901784 0.428151 -0.058923 1.109408 -0.427931 0.903653 0.016933 -0.115050 0.060496 0.009945 0.998119 0.000000 0.000000 0.000000 0.000000 1.000000
0.901784 0.428151 -0.058923 1.109408 -0.427931 0.903653 0.016933 -0.115050 0.060496 0.009945 0.998119 -0.000000 0.000000 0.000000 0.000000 1.000000
0.901784 0.428151 -0.058923 1.109408 -0.427931 0.903653 0.016933 -0.115050 0.060496 0.009945 0.998119 0.000000 0.000000 0.000000 0.000000 1.000000
0.901784 0.428151 -0.058923 1.109408 -0.427931 0.903653 0.016933 -0.115050 0.060496 0.009945 0.998119 0.000000 0.000000 0.000000 0.000000 1.000000
0.901784 0.428151 -0.058923 1.109408 -0.427931 0.903653 0.016933 -0.115050 0.060496 0.009945 0.998119 -0.000000 0.000000 0.000000 0.000000 1.000000
0.901784 0.428151 -0.058923 1.109408 -0.427931 0.903653 0.016933 -0.115050 0.060496 0.009945 0.998119 -0.000000 0.000000 0.000000 0.000000 1.000000
0.901784 0.428151 -0.058923 1.109408 -0.427931 0.903653 0.016933 -0.115050 0.060496 0.009945 0.998119 -0.000000 0.000000 0.000000 0.000000 1.000000
0.901784 0.428151 -0.058923 1.109408 -0.427931 0.903653 0.016933 -0.115050 0.060496 0.009945 0.998119 -0.000000 0.000000 0.000000 0.000000 1.000000
0.901784 0.428151 -0.058923 1.109408 -0.427931 0.903653 0.016933 -0.115050 0.060496 0.009945 0.998119 -0.000000 0.000000 0.000000 0.000000 1.000000
0.901784 0.428151 -0.058923 1.109408 -0.427931 0.903653 0.016933 -0.115050 0.060496 0.009945 0.998119 -0.000000 0.000000 0.000000 0.000000 1.000000
0.901784 0.428151 -0.058923 1.109408 -0.427931 0.903653 0.016933 -0.115050 0.060496 0.009945 0.998119 0.000000 0.000000 0.000000 0.000000 1.000000
0.901784 0.428151 -0.058923 1.109408 -0.427931 0.903653 0.016933 -0.115050 0.060496 0.009945 0.998119 0.000000 0.000000 0.000000 0.000000 1.000000</float_array><technique_common><accessor source="#jnt_left_leg3-Matrix-animation-output-transform-array" count="21" stride="16"><param type="float4x4"/></accessor></technique_common></source><source id="jnt_left_leg3-Interpolations"><Name_array id="jnt_left_leg3-Interpolations-array" count="21">
 LINEAR LINEAR LINEAR LINEAR LINEAR LINEAR LINEAR LINEAR LINEAR LINEAR LINEAR
LINEAR LINEAR LINEAR LINEAR LINEAR LINEAR LINEAR LINEAR LINEAR LINEAR</Name_array><technique_common><accessor source="#jnt_left_leg3-Interpolations-array" count="21"><param type="name"/></accessor></technique_common></source><sampler id="jnt_left_leg3-Matrix-animation-transform"><input semantic="INPUT" source="#jnt_left_leg3-Matrix-animation-input"/><input semantic="OUTPUT" source="#jnt_left_leg3-Matrix-animation-output-transform"/><input semantic="INTERPOLATION" source="#jnt_left_leg3-Interpolations"/></sampler><channel source="#jnt_left_leg3-Matrix-animation-transform" target="jnt_left_leg3/matrix"/></animation></animation>
    <animation id="jnt_left_truster1-anim" name="jnt_left_truster1"><animation><source id="jnt_left_truster1-Matrix-animation-input"><float_array id="jnt_left_truster1-Matrix-animation-input-array" count="21">

0.000000 0.033333 0.066667 0.100000 0.133333 0.166667 0.200000 0.233333 0.266667 0.300000 0.333333 0.366667 0.400000 0.433333 0.466667 0.500000
0.533333 0.566667 0.600000 0.633333 0.666667</float_array><technique_common><accessor source="#jnt_left_truster1-Matrix-animation-input-array" count="21"><param name="TIME" type="float"/></accessor></technique_common></source><source id="jnt_left_truster1-Matrix-animation-output-transform"><float_array id="jnt_left_truster1-Matrix-animation-output-transform-array" count="336">

0.818150 -0.575005 0.000000 0.942482 0.575005 0.818150 -0.000000 0.339466 0.000000 0.000000 1.000000 0.000187 0.000000 0.000000 0.000000 1.000000
0.818150 -0.575005 0.000000 0.942482 0.575005 0.818150 -0.000000 0.339466 -0.000000 0.000000 1.000000 0.000187 0.000000 0.000000 0.000000 1.000000
0.818150 -0.575005 -0.000000 0.942482 0.575005 0.818150 -0.000000 0.339466 0.000000 0.000000 1.000000 0.000187 0.000000 0.000000 0.000000 1.000000
0.818150 -0.575005 -0.000000 0.942482 0.575005 0.818150 0.000000 0.339466 0.000000 0.000000 1.000000 0.000187 0.000000 0.000000 0.000000 1.000000
0.818150 -0.575005 0.000000 0.942482 0.575005 0.818150 0.000000 0.339466 -0.000000 0.000000 1.000000 0.000187 0.000000 0.000000 0.000000 1.000000
0.818150 -0.575005 0.000000 0.942482 0.575005 0.818150 -0.000000 0.339466 0.000000 -0.000000 1.000000 0.000187 0.000000 0.000000 0.000000 1.000000
0.818150 -0.575005 0.000000 0.942482 0.575005 0.818150 0.000000 0.339466 0.000000 -0.000000 1.000000 0.000187 0.000000 0.000000 0.000000 1.000000
0.818150 -0.575005 -0.000000 0.942482 0.575005 0.818150 0.000000 0.339466 0.000000 -0.000000 1.000000 0.000187 0.000000 0.000000 0.000000 1.000000
0.818150 -0.575005 -0.000000 0.942482 0.575005 0.818150 0.000000 0.339466 0.000000 -0.000000 1.000000 0.000187 0.000000 0.000000 0.000000 1.000000
0.818150 -0.575005 0.000000 0.942482 0.575005 0.818150 -0.000000 0.339466 -0.000000 0.000000 1.000000 0.000187 0.000000 0.000000 0.000000 1.000000
0.818150 -0.575005 -0.000000 0.942482 0.575005 0.818150 0.000000 0.339466 0.000000 0.000000 1.000000 0.000187 0.000000 0.000000 0.000000 1.000000
0.818150 -0.575005 0.000000 0.942482 0.575005 0.818150 0.000000 0.339466 -0.000000 -0.000000 1.000000 0.000187 0.000000 0.000000 0.000000 1.000000
0.818150 -0.575005 0.000000 0.942482 0.575005 0.818150 0.000000 0.339466 0.000000 -0.000000 1.000000 0.000187 0.000000 0.000000 0.000000 1.000000
0.818150 -0.575005 0.000000 0.942482 0.575005 0.818150 -0.000000 0.339466 0.000000 0.000000 1.000000 0.000187 0.000000 0.000000 0.000000 1.000000
0.818150 -0.575005 0.000000 0.942482 0.575005 0.818150 -0.000000 0.339466 -0.000000 0.000000 1.000000 0.000187 0.000000 0.000000 0.000000 1.000000
0.818150 -0.575005 -0.000000 0.942482 0.575005 0.818150 -0.000000 0.339466 0.000000 0.000000 1.000000 0.000187 0.000000 0.000000 0.000000 1.000000
0.818150 -0.575005 0.000000 0.942482 0.575005 0.818150 0.000000 0.339466 -0.000000 0.000000 1.000000 0.000187 0.000000 0.000000 0.000000 1.000000
0.818150 -0.575005 0.000000 0.942482 0.575005 0.818150 -0.000000 0.339466 -0.000000 -0.000000 1.000000 0.000187 0.000000 0.000000 0.000000 1.000000
0.818150 -0.575005 0.000000 0.942482 0.575005 0.818150 0.000000 0.339466 0.000000 -0.000000 1.000000 0.000187 0.000000 0.000000 0.000000 1.000000
0.818150 -0.575005 0.000000 0.942482 0.575005 0.818150 0.000000 0.339466 -0.000000 0.000000 1.000000 0.000187 0.000000 0.000000 0.000000 1.000000
0.818150 -0.575005 -0.000000 0.942482 0.575005 0.818150 -0.000000 0.339466 0.000000 0.000000 1.000000 0.000187 0.000000 0.000000 0.000000 1.000000</float_array><technique_common><accessor source="#jnt_left_truster1-Matrix-animation-output-transform-array" count="21" stride="16"><param type="float4x4"/></accessor></technique_common></source><source id="jnt_left_truster1-Interpolations"><Name_array id="jnt_left_truster1-Interpolations-array" count="21">
 LINEAR LINEAR LINEAR LINEAR LINEAR LINEAR LINEAR LINEAR LINEAR LINEAR LINEAR
LINEAR LINEAR LINEAR LINEAR LINEAR LINEAR LINEAR LINEAR LINEAR LINEAR</Name_array><technique_common><accessor source="#jnt_left_truster1-Interpolations-array" count="21"><param type="name"/></accessor></technique_common></source><sampler id="jnt_left_truster1-Matrix-animation-transform"><input semantic="INPUT" source="#jnt_left_truster1-Matrix-animation-input"/><input semantic="OUTPUT" source="#jnt_left_truster1-Matrix-animation-output-transform"/><input semantic="INTERPOLATION" source="#jnt_left_truster1-Interpolations"/></sampler><channel source="#jnt_left_truster1-Matrix-animation-transform" target="jnt_left_truster1/matrix"/></animation></animation>
    <animation id="jnt_left_truster2-anim" name="jnt_left_truster2"><animation><source id="jnt_left_truster2-Matrix-animation-input"><float_array id="jnt_left_truster2-Matrix-animation-input-array" count="21">

0.000000 0.033333 0.066667 0.100000 0.133333 0.166667 0.200000 0.233333 0.266667 0.300000 0.333333 0.366667 0.400000 0.433333 0.466667 0.500000
0.533333 0.566667 0.600000 0.633333 0.666667</float_array><technique_common><accessor source="#jnt_left_truster2-Matrix-animation-input-array" count="21"><param name="TIME" type="float"/></accessor></technique_common></source><source id="jnt_left_truster2-Matrix-animation-output-transform"><float_array id="jnt_left_truster2-Matrix-animation-output-transform-array" count="336">

0.818150 -0.000000 -0.575005 0.942482 0.000000 1.000000 0.000000 -0.000000 0.575005 0.000000 0.818150 0.288533 0.000000 0.000000 0.000000 1.000000
0.818150 -0.000000 -0.575005 0.942482 0.000000 1.000000 -0.000000 -0.000000 0.575005 0.000000 0.818150 0.288533 0.000000 0.000000 0.000000 1.000000
0.818150 0.000000 -0.575005 0.942482 0.000000 1.000000 -0.000000 -0.000000 0.575005 0.000000 0.818150 0.288533 0.000000 0.000000 0.000000 1.000000
0.818150 0.000000 -0.575005 0.942482 -0.000000 1.000000 0.000000 -0.000000 0.575005 0.000000 0.818150 0.288533 0.000000 0.000000 0.000000 1.000000
0.818150 0.000000 -0.575005 0.942482 0.000000 1.000000 -0.000000 -0.000000 0.575005 0.000000 0.818150 0.288533 0.000000 0.000000 0.000000 1.000000
0.818150 -0.000000 -0.575005 0.942482 -0.000000 1.000000 -0.000000 -0.000000 0.575005 -0.000000 0.818150 0.288533 0.000000 0.000000 0.000000 1.000000
0.818150 0.000000 -0.575005 0.942482 0.000000 1.000000 0.000000 -0.000000 0.575005 0.000000 0.818150 0.288533 0.000000 0.000000 0.000000 1.000000
0.818150 -0.000000 -0.575005 0.942482 0.000000 1.000000 -0.000000 -0.000000 0.575005 -0.000000 0.818150 0.288533 0.000000 0.000000 0.000000 1.000000
0.818150 -0.000000 -0.575005 0.942482 0.000000 1.000000 -0.000000 -0.000000 0.575005 0.000000 0.818150 0.288533 0.000000 0.000000 0.000000 1.000000
0.818150 0.000000 -0.575005 0.942482 -0.000000 1.000000 -0.000000 -0.000000 0.575005 -0.000000 0.818150 0.288533 0.000000 0.000000 0.000000 1.000000
0.818150 -0.000000 -0.575005 0.942482 -0.000000 1.000000 0.000000 -0.000000 0.575005 0.000000 0.818150 0.288533 0.000000 0.000000 0.000000 1.000000
0.818150 -0.000000 -0.575005 0.942482 -0.000000 1.000000 0.000000 -0.000000 0.575005 -0.000000 0.818150 0.288533 0.000000 0.000000 0.000000 1.000000
0.818150 0.000000 -0.575005 0.942482 0.000000 1.000000 0.000000 -0.000000 0.575005 -0.000000 0.818150 0.288533 0.000000 0.000000 0.000000 1.000000
0.818150 -0.000000 -0.575005 0.942482 -0.000000 1.000000 -0.000000 -0.000000 0.575005 0.000000 0.818150 0.288533 0.000000 0.000000 0.000000 1.000000
0.818150 -0.000000 -0.575005 0.942482 -0.000000 1.000000 0.000000 -0.000000 0.575005 0.000000 0.818150 0.288533 0.000000 0.000000 0.000000 1.000000
0.818150 -0.000000 -0.575005 0.942482 0.000000 1.000000 -0.000000 -0.000000 0.575005 0.000000 0.818150 0.288533 0.000000 0.000000 0.000000 1.000000
0.818150 0.000000 -0.575005 0.942482 0.000000 1.000000 0.000000 -0.000000 0.575005 0.000000 0.818150 0.288533 0.000000 0.000000 0.000000 1.000000
0.818150 0.000000 -0.575005 0.942482 -0.000000 1.000000 -0.000000 -0.000000 0.575005 -0.000000 0.818150 0.288533 0.000000 0.000000 0.000000 1.000000
0.818150 0.000000 -0.575005 0.942482 0.000000 1.000000 -0.000000 -0.000000 0.575005 0.000000 0.818150 0.288533 0.000000 0.000000 0.000000 1.000000
0.818150 0.000000 -0.575005 0.942482 -0.000000 1.000000 0.000000 -0.000000 0.575005 -0.000000 0.818150 0.288533 0.000000 0.000000 0.000000 1.000000
0.818150 -0.000000 -0.575005 0.942482 -0.000000 1.000000 0.000000 -0.000000 0.575005 0.000000 0.818150 0.288533 0.000000 0.000000 0.000000 1.000000</float_array><technique_common><accessor source="#jnt_left_truster2-Matrix-animation-output-transform-array" count="21" stride="16"><param type="float4x4"/></accessor></technique_common></source><source id="jnt_left_truster2-Interpolations"><Name_array id="jnt_left_truster2-Interpolations-array" count="21">
 LINEAR LINEAR LINEAR LINEAR LINEAR LINEAR LINEAR LINEAR LINEAR LINEAR LINEAR
LINEAR LINEAR LINEAR LINEAR LINEAR LINEAR LINEAR LINEAR LINEAR LINEAR</Name_array><technique_common><accessor source="#jnt_left_truster2-Interpolations-array" count="21"><param type="name"/></accessor></technique_common></source><sampler id="jnt_left_truster2-Matrix-animation-transform"><input semantic="INPUT" source="#jnt_left_truster2-Matrix-animation-input"/><input semantic="OUTPUT" source="#jnt_left_truster2-Matrix-animation-output-transform"/><input semantic="INTERPOLATION" source="#jnt_left_truster2-Interpolations"/></sampler><channel source="#jnt_left_truster2-Matrix-animation-transform" target="jnt_left_truster2/matrix"/></animation></animation>
    <animation id="jnt_left_truster3-anim" name="jnt_left_truster3"><animation><source id="jnt_left_truster3-Matrix-animation-input"><float_array id="jnt_left_truster3-Matrix-animation-input-array" count="21">

0.000000 0.033333 0.066667 0.100000 0.133333 0.166667 0.200000 0.233333 0.266667 0.300000 0.333333 0.366667 0.400000 0.433333 0.466667 0.500000
0.533333 0.566667 0.600000 0.633333 0.666667</float_array><technique_common><accessor source="#jnt_left_truster3-Matrix-animation-input-array" count="21"><param name="TIME" type="float"/></accessor></technique_common></source><source id="jnt_left_truster3-Matrix-animation-output-transform"><float_array id="jnt_left_truster3-Matrix-animation-output-transform-array" count="336">

0.818150 -0.000000 0.575005 0.942482 -0.000000 1.000000 -0.000000 -0.000000 -0.575005 0.000000 0.818150 -0.288158 0.000000 0.000000 0.000000 1.000000
0.818150 0.000000 0.575005 0.942482 0.000000 1.000000 0.000000 -0.000000 -0.575005 0.000000 0.818150 -0.288158 0.000000 0.000000 0.000000 1.000000
