<?xml version="1.0" encoding="utf-8"?>
<COLLADA xmlns="http://www.collada.org/2005/11/COLLADASchema" version="1.4.1">
  <asset><contributor><author></author><authoring_tool>FBX COLLADA exporter</authoring_tool><comments></comments></contributor><created>2018-03-30T14:02:05Z</created><keywords></keywords><modified>2018-03-30T14:02:05Z</modified><revision></revision><subject></subject><title></title><unit meter="0.010000" name="centimeter"></unit><up_axis>Y_UP</up_axis></asset>
  <library_animations>
    <animation id="jnt_hips-anim" name="jnt_hips"><animation><source id="jnt_hips-Matrix-animation-input"><float_array id="jnt_hips-Matrix-animation-input-array" count="28">

0.000000 0.033333 0.066667 0.100000 0.133333 0.166667 0.200000 0.233333 0.266667 0.300000 0.333333 0.366667 0.400000 0.433333 0.466667 0.500000
0.533333 0.566667 0.600000 0.633333 0.666667 0.700000 0.733333 0.766667 0.800000 0.833333 0.866667 0.900000</float_array><technique_common><accessor source="#jnt_hips-Matrix-animation-input-array" count="28"><param name="TIME" type="float"/></accessor></technique_common></source><source id="jnt_hips-Matrix-animation-output-transform"><float_array id="jnt_hips-Matrix-animation-output-transform-array" count="448">

0.961460 -0.010974 -0.274724 0.005653 -0.002571 0.998800 -0.048898 1.940700 0.274931 0.047720 0.960279 -0.246250 0.000000 0.000000 0.000000 1.000000
0.961430 -0.009302 -0.274892 0.005845 -0.004427 0.998775 -0.049280 1.939854 0.275014 0.048596 0.960211 -0.247247 0.000000 0.000000 0.000000 1.000000
0.961385 -0.007095 -0.275115 0.006094 -0.006876 0.998736 -0.049783 1.937477 0.275120 0.049753 0.960122 -0.250243 0.000000 0.000000 0.000000 1.000000
0.961324 -0.004449 -0.275383 0.006382 -0.009812 0.998682 -0.050386 1.933848 0.275244 0.051139 0.960013 -0.255001 0.000000 0.000000 0.000000 1.000000
0.961246 -0.001463 -0.275688 0.006693 -0.013126 0.998609 -0.051065 1.929245 0.275379 0.052705 0.959890 -0.261281 0.000000 0.000000 0.000000 1.000000
0.961150 0.001766 -0.276019 0.007010 -0.016710 0.998518 -0.051799 1.923944 0.275519 0.054399 0.959755 -0.268846 0.000000 0.000000 0.000000 1.000000
0.961038 0.005141 -0.276369 0.007316 -0.020456 0.998408 -0.052564 1.918224 0.275659 0.056169 0.959613 -0.277457 0.000000 0.000000 0.000000 1.000000
0.960911 0.008563 -0.276726 0.007594 -0.024256 0.998282 -0.053339 1.912364 0.275794 0.057966 0.959467 -0.286875 0.000000 0.000000 0.000000 1.000000
0.960773 0.011936 -0.277080 0.007827 -0.028002 0.998143 -0.054101 1.906641 0.275920 0.059738 0.959323 -0.296862 0.000000 0.000000 0.000000 1.000000
0.960629 0.015162 -0.277422 0.007999 -0.031586 0.997996 -0.054829 1.901334 0.276034 0.061433 0.959182 -0.307180 0.000000 0.000000 0.000000 1.000000
0.960485 0.018144 -0.277739 0.008093 -0.034899 0.997849 -0.055501 1.896722 0.276135 0.063000 0.959052 -0.317590 0.000000 0.000000 0.000000 1.000000
0.960350 0.020785 -0.278023 0.008092 -0.037834 0.997708 -0.056095 1.893083 0.276220 0.064389 0.958935 -0.327853 0.000000 0.000000 0.000000 1.000000
0.960231 0.022989 -0.278260 0.007979 -0.040282 0.997585 -0.056590 1.890697 0.276287 0.065548 0.958837 -0.337733 0.000000 0.000000 0.000000 1.000000
0.960137 0.024657 -0.278441 0.007737 -0.042136 0.997487 -0.056964 1.889842 0.276336 0.066426 0.958763 -0.346990 0.000000 0.000000 0.000000 1.000000
0.959970 0.027504 -0.278751 0.006373 -0.045300 0.997311 -0.057602 1.889859 0.276417 0.067924 0.958635 -0.358597 0.000000 0.000000 0.000000 1.000000
0.959883 0.028927 -0.278906 0.003178 -0.046881 0.997220 -0.057921 1.889921 0.276455 0.068672 0.958570 -0.373657 0.000000 0.000000 0.000000 1.000000
0.959883 0.028927 -0.278906 -0.000674 -0.046881 0.997220 -0.057920 1.890080 0.276455 0.068672 0.958570 -0.388734 0.000000 0.000000 0.000000 1.000000
0.959970 0.027504 -0.278751 -0.004011 -0.045299 0.997311 -0.057601 1.890386 0.276417 0.067923 0.958634 -0.400388 0.000000 0.000000 0.000000 1.000000
0.960137 0.024657 -0.278441 -0.005659 -0.042136 0.997487 -0.056963 1.890888 0.276337 0.066425 0.958763 -0.405180 0.000000 0.000000 0.000000 1.000000
0.960281 0.022070 -0.278161 -0.005429 -0.039260 0.997637 -0.056382 1.893090 0.276260 0.065063 0.958878 -0.399812 0.000000 0.000000 0.000000 1.000000
0.960469 0.018456 -0.277773 -0.004429 -0.035245 0.997833 -0.055570 1.897937 0.276146 0.063163 0.959038 -0.385227 0.000000 0.000000 0.000000 1.000000
0.960677 0.014109 -0.277310 -0.002879 -0.030415 0.998045 -0.054590 1.904651 0.275998 0.060878 0.959228 -0.364056 0.000000 0.000000 0.000000 1.000000
0.960881 0.009320 -0.276805 -0.000998 -0.025097 0.998252 -0.053509 1.912455 0.275823 0.058363 0.959435 -0.338935 0.000000 0.000000 0.000000 1.000000
0.961064 0.004383 -0.276290 0.000992 -0.019615 0.998434 -0.052392 1.920573 0.275628 0.055771 0.959645 -0.312497 0.000000 0.000000 0.000000 1.000000
0.961216 -0.000409 -0.275796 0.002873 -0.014296 0.998581 -0.051304 1.928231 0.275425 0.053257 0.959846 -0.287376 0.000000 0.000000 0.000000 1.000000
0.961332 -0.004761 -0.275351 0.004423 -0.009465 0.998689 -0.050315 1.934654 0.275230 0.050975 0.960026 -0.266205 0.000000 0.000000 0.000000 1.000000
0.961412 -0.008381 -0.274985 0.005423 -0.005448 0.998760 -0.049490 1.939068 0.275059 0.049078 0.960174 -0.251618 0.000000 0.000000 0.000000 1.000000
0.961460 -0.010974 -0.274724 0.005653 -0.002571 0.998800 -0.048898 1.940700 0.274931 0.047720 0.960279 -0.246250 0.000000 0.000000 0.000000 1.000000</float_array><technique_common><accessor source="#jnt_hips-Matrix-animation-output-transform-array" count="28" stride="16"><param type="float4x4"/></accessor></technique_common></source><source id="jnt_hips-Interpolations"><Name_array id="jnt_hips-Interpolations-array" count="28">
 LINEAR LINEAR LINEAR LINEAR LINEAR LINEAR LINEAR LINEAR LINEAR LINEAR LINEAR
LINEAR LINEAR LINEAR LINEAR LINEAR LINEAR LINEAR LINEAR LINEAR LINEAR LINEAR LINEAR
LINEAR LINEAR LINEAR LINEAR LINEAR</Name_array><technique_common><accessor source="#jnt_hips-Interpolations-array" count="28"><param type="name"/></accessor></technique_common></source><sampler id="jnt_hips-Matrix-animation-transform"><input semantic="INPUT" source="#jnt_hips-Matrix-animation-input"/><input semantic="OUTPUT" source="#jnt_hips-Matrix-animation-output-transform"/><input semantic="INTERPOLATION" source="#jnt_hips-Interpolations"/></sampler><channel source="#jnt_hips-Matrix-animation-transform" target="jnt_hips/matrix"/></animation></animation>
    <animation id="jnt_right_upleg-anim" name="jnt_right_upleg"><animation><source id="jnt_right_upleg-Matrix-animation-input"><float_array id="jnt_right_upleg-Matrix-animation-input-array" count="28">

0.000000 0.033333 0.066667 0.100000 0.133333 0.166667 0.200000 0.233333 0.266667 0.300000 0.333333 0.366667 0.400000 0.433333 0.466667 0.500000
0.533333 0.566667 0.600000 0.633333 0.666667 0.700000 0.733333 0.766667 0.800000 0.833333 0.866667 0.900000</float_array><technique_common><accessor source="#jnt_right_upleg-Matrix-animation-input-array" count="28"><param name="TIME" type="float"/></accessor></technique_common></source><source id="jnt_right_upleg-Matrix-animation-output-transform"><float_array id="jnt_right_upleg-Matrix-animation-output-transform-array" count="448">

-0.156099 -0.161750 -0.974407 -0.446780 -0.987701 0.034532 0.152497 -0.111214 0.008982 0.986227 -0.165151 0.043020 0.000000 0.000000 0.000000 1.000000
-0.154310 -0.161921 -0.974664 -0.446780 -0.987962 0.036169 0.150406 -0.111214 0.010898 0.986141 -0.165553 0.043020 0.000000 0.000000 0.000000 1.000000
-0.152346 -0.161447 -0.975052 -0.446780 -0.988154 0.043340 0.147217 -0.111214 0.018491 0.985929 -0.166137 0.043020 0.000000 0.000000 0.000000 1.000000
-0.150179 -0.160518 -0.975541 -0.446779 -0.988185 0.054902 0.143092 -0.111214 0.030590 0.985505 -0.166866 0.043020 0.000000 0.000000 0.000000 1.000000
-0.147768 -0.159330 -0.976104 -0.446779 -0.987953 0.069656 0.138192 -0.111214 0.045974 0.984765 -0.167703 0.043020 0.000000 0.000000 0.000000 1.000000
-0.145091 -0.158054 -0.976713 -0.446780 -0.987377 0.086510 0.132676 -0.111214 0.063525 0.983634 -0.168610 0.043020 0.000000 0.000000 0.000000 1.000000
-0.142152 -0.156825 -0.977343 -0.446779 -0.986420 0.104512 0.126702 -0.111214 0.082274 0.982081 -0.169552 0.043020 0.000000 0.000000 0.000000 1.000000
-0.138979 -0.155744 -0.977972 -0.446780 -0.985090 0.122866 0.120424 -0.111215 0.101404 0.980126 -0.170497 0.043020 0.000000 0.000000 0.000000 1.000000
-0.135622 -0.154874 -0.978581 -0.446779 -0.983440 0.140895 0.113997 -0.111214 0.120222 0.977836 -0.171417 0.043020 0.000000 0.000000 0.000000 1.000000
-0.132147 -0.154250 -0.979155 -0.446780 -0.981557 0.158028 0.107577 -0.111214 0.138140 0.975312 -0.172288 0.043020 0.000000 0.000000 0.000000 1.000000
-0.128630 -0.153885 -0.979680 -0.446780 -0.979563 0.173750 0.101322 -0.111214 0.154628 0.972692 -0.173090 0.043020 0.000000 0.000000 0.000000 1.000000
-0.125150 -0.153773 -0.980149 -0.446780 -0.977604 0.187590 0.095395 -0.111214 0.169197 0.970136 -0.173806 0.043020 0.000000 0.000000 0.000000 1.000000
-0.121791 -0.153893 -0.980553 -0.446780 -0.975842 0.199095 0.089959 -0.111214 0.181379 0.967821 -0.174424 0.043020 0.000000 0.000000 0.000000 1.000000
-0.118633 -0.154222 -0.980888 -0.446780 -0.974455 0.207803 0.085183 -0.111214 0.190695 0.965937 -0.174935 0.043020 0.000000 0.000000 0.000000 1.000000
-0.112827 -0.155560 -0.981362 -0.446780 -0.973254 0.216220 0.077621 -0.111214 0.200115 0.963872 -0.175795 0.043020 0.000000 0.000000 0.000000 1.000000
-0.107210 -0.156642 -0.981819 -0.446780 -0.971170 0.227979 0.069675 -0.111214 0.212920 0.960983 -0.176567 0.043020 0.000000 0.000000 0.000000 1.000000
-0.102881 -0.157318 -0.982174 -0.446780 -0.968710 0.240063 0.063019 -0.111214 0.225870 0.957925 -0.177094 0.043020 0.000000 0.000000 0.000000 1.000000
-0.100976 -0.157318 -0.982372 -0.446780 -0.966494 0.249733 0.059352 -0.111214 0.235993 0.955450 -0.177264 0.043020 0.000000 0.000000 0.000000 1.000000
-0.102658 -0.156308 -0.982359 -0.446780 -0.965201 0.254445 0.060379 -0.111214 0.240519 0.954372 -0.176989 0.043020 0.000000 0.000000 0.000000 1.000000
-0.106106 -0.155388 -0.982138 -0.446780 -0.966476 0.248362 0.065120 -0.111214 0.233807 0.956123 -0.176532 0.043020 0.000000 0.000000 0.000000 1.000000
-0.111828 -0.154514 -0.981641 -0.446779 -0.970095 0.231130 0.074132 -0.111214 0.215432 0.960575 -0.175740 0.043020 0.000000 0.000000 0.000000 1.000000
-0.119063 -0.154031 -0.980866 -0.446780 -0.974941 0.205110 0.086134 -0.111214 0.187919 0.966542 -0.174592 0.043020 0.000000 0.000000 0.000000 1.000000
-0.127027 -0.154260 -0.979831 -0.446780 -0.979910 0.172643 0.099857 -0.111214 0.153757 0.972830 -0.173091 0.043020 0.000000 0.000000 0.000000 1.000000
-0.134958 -0.155375 -0.978593 -0.446780 -0.984072 0.136347 0.114065 -0.111214 0.115706 0.978401 -0.171302 0.043020 0.000000 0.000000 0.000000 1.000000
-0.142192 -0.157295 -0.977261 -0.446779 -0.986828 0.099479 0.127572 -0.111214 0.077150 0.982528 -0.169368 0.043020 0.000000 0.000000 0.000000 1.000000
-0.148243 -0.159589 -0.975989 -0.446780 -0.988037 0.066310 0.139231 -0.111214 0.042498 0.984954 -0.167510 0.043020 0.000000 0.000000 0.000000 1.000000
-0.152890 -0.161435 -0.974968 -0.446780 -0.988088 0.042463 0.147916 -0.111214 0.017521 0.985969 -0.166004 0.043020 0.000000 0.000000 0.000000 1.000000
-0.156099 -0.161750 -0.974407 -0.446780 -0.987701 0.034532 0.152497 -0.111214 0.008982 0.986227 -0.165151 0.043020 0.000000 0.000000 0.000000 1.000000</float_array><technique_common><accessor source="#jnt_right_upleg-Matrix-animation-output-transform-array" count="28" stride="16"><param type="float4x4"/></accessor></technique_common></source><source id="jnt_right_upleg-Interpolations"><Name_array id="jnt_right_upleg-Interpolations-array" count="28">
 LINEAR LINEAR LINEAR LINEAR LINEAR LINEAR LINEAR LINEAR LINEAR LINEAR LINEAR
LINEAR LINEAR LINEAR LINEAR LINEAR LINEAR LINEAR LINEAR LINEAR LINEAR LINEAR LINEAR
LINEAR LINEAR LINEAR LINEAR LINEAR</Name_array><technique_common><accessor source="#jnt_right_upleg-Interpolations-array" count="28"><param type="name"/></accessor></technique_common></source><sampler id="jnt_right_upleg-Matrix-animation-transform"><input semantic="INPUT" source="#jnt_right_upleg-Matrix-animation-input"/><input semantic="OUTPUT" source="#jnt_right_upleg-Matrix-animation-output-transform"/><input semantic="INTERPOLATION" source="#jnt_right_upleg-Interpolations"/></sampler><channel source="#jnt_right_upleg-Matrix-animation-transform" target="jnt_right_upleg/matrix"/></animation></animation>
    <animation id="jnt_right_uplegroll-anim" name="jnt_right_uplegroll"><animation><source id="jnt_right_uplegroll-Matrix-animation-input"><float_array id="jnt_right_uplegroll-Matrix-animation-input-array" count="28">

0.000000 0.033333 0.066667 0.100000 0.133333 0.166667 0.200000 0.233333 0.266667 0.300000 0.333333 0.366667 0.400000 0.433333 0.466667 0.500000
0.533333 0.566667 0.600000 0.633333 0.666667 0.700000 0.733333 0.766667 0.800000 0.833333 0.866667 0.900000</float_array><technique_common><accessor source="#jnt_right_uplegroll-Matrix-animation-input-array" count="28"><param name="TIME" type="float"/></accessor></technique_common></source><source id="jnt_right_uplegroll-Matrix-animation-output-transform"><float_array id="jnt_right_uplegroll-Matrix-animation-output-transform-array" count="448">

1.000000 0.000000 0.000000 0.430000 0.000000 1.000000 0.000000 -0.000000 -0.000000 -0.000000 1.000000 0.000000 0.000000 0.000000 0.000000 1.000000
1.000000 0.000000 -0.000000 0.430000 0.000000 1.000000 0.000000 -0.000000 0.000000 0.000000 1.000000 -0.000000 0.000000 0.000000 0.000000 1.000000
1.000000 0.000000 -0.000000 0.430000 0.000000 1.000000 -0.000000 -0.000000 0.000000 -0.000000 1.000000 0.000000 0.000000 0.000000 0.000000 1.000000
1.000000 0.000000 0.000000 0.430000 -0.000000 1.000000 -0.000000 0.000000 -0.000000 -0.000000 1.000000 0.000000 0.000000 0.000000 0.000000 1.000000
1.000000 0.000000 -0.000000 0.430000 0.000000 1.000000 -0.000000 -0.000000 0.000000 0.000000 1.000000 -0.000000 0.000000 0.000000 0.000000 1.000000
1.000000 0.000000 0.000000 0.430000 -0.000000 1.000000 0.000000 0.000000 -0.000000 -0.000000 1.000000 0.000000 0.000000 0.000000 0.000000 1.000000
1.000000 -0.000000 0.000000 0.430000 -0.000000 1.000000 -0.000000 -0.000000 -0.000000 0.000000 1.000000 -0.000000 0.000000 0.000000 0.000000 1.000000
1.000000 0.000000 0.000000 0.430000 0.000000 1.000000 -0.000000 0.000000 -0.000000 0.000000 1.000000 -0.000000 0.000000 0.000000 0.000000 1.000000
1.000000 0.000000 0.000000 0.430000 -0.000000 1.000000 0.000000 -0.000000 -0.000000 0.000000 1.000000 0.000000 0.000000 0.000000 0.000000 1.000000
1.000000 0.000000 -0.000000 0.430000 -0.000000 1.000000 0.000000 -0.000000 0.000000 -0.000000 1.000000 -0.000000 0.000000 0.000000 0.000000 1.000000
1.000000 -0.000000 0.000000 0.430000 0.000000 1.000000 -0.000000 -0.000000 -0.000000 0.000000 1.000000 -0.000000 0.000000 0.000000 0.000000 1.000000
1.000000 -0.000000 -0.000000 0.430000 -0.000000 1.000000 -0.000000 0.000000 0.000000 -0.000000 1.000000 0.000000 0.000000 0.000000 0.000000 1.000000
1.000000 -0.000000 -0.000000 0.430000 0.000000 1.000000 0.000000 -0.000000 -0.000000 0.000000 1.000000 0.000000 0.000000 0.000000 0.000000 1.000000
1.000000 0.000000 0.000000 0.430000 0.000000 1.000000 -0.000000 0.000000 0.000000 0.000000 1.000000 0.000000 0.000000 0.000000 0.000000 1.000000
1.000000 -0.000000 0.000000 0.430000 -0.000000 1.000000 -0.000000 -0.000000 -0.000000 -0.000000 1.000000 0.000000 0.000000 0.000000 0.000000 1.000000
1.000000 0.000000 0.000000 0.430000 -0.000000 1.000000 0.000000 0.000000 -0.000000 0.000000 1.000000 0.000000 0.000000 0.000000 0.000000 1.000000
1.000000 -0.000000 -0.000000 0.430000 0.000000 1.000000 0.000000 -0.000000 -0.000000 0.000000 1.000000 0.000000 0.000000 0.000000 0.000000 1.000000
1.000000 -0.000000 -0.000000 0.430000 0.000000 1.000000 0.000000 0.000000 0.000000 0.000000 1.000000 0.000000 0.000000 0.000000 0.000000 1.000000
1.000000 0.000000 0.000000 0.430000 -0.000000 1.000000 -0.000000 -0.000000 0.000000 0.000000 1.000000 0.000000 0.000000 0.000000 0.000000 1.000000
1.000000 0.000000 -0.000000 0.430000 0.000000 1.000000 -0.000000 0.000000 0.000000 -0.000000 1.000000 0.000000 0.000000 0.000000 0.000000 1.000000
1.000000 0.000000 -0.000000 0.430000 0.000000 1.000000 0.000000 0.000000 0.000000 0.000000 1.000000 0.000000 0.000000 0.000000 0.000000 1.000000
1.000000 0.000000 0.000000 0.430000 0.000000 1.000000 0.000000 0.000000 -0.000000 0.000000 1.000000 0.000000 0.000000 0.000000 0.000000 1.000000
1.000000 -0.000000 0.000000 0.430000 -0.000000 1.000000 0.000000 0.000000 -0.000000 0.000000 1.000000 0.000000 0.000000 0.000000 0.000000 1.000000
1.000000 -0.000000 -0.000000 0.430000 -0.000000 1.000000 0.000000 0.000000 -0.000000 0.000000 1.000000 0.000000 0.000000 0.000000 0.000000 1.000000
1.000000 0.000000 0.000000 0.430000 -0.000000 1.000000 -0.000000 0.000000 -0.000000 0.000000 1.000000 0.000000 0.000000 0.000000 0.000000 1.000000
1.000000 0.000000 -0.000000 0.430000 -0.000000 1.000000 -0.000000 0.000000 0.000000 0.000000 1.000000 0.000000 0.000000 0.000000 0.000000 1.000000
1.000000 -0.000000 -0.000000 0.430000 -0.000000 1.000000 -0.000000 0.000000 -0.000000 0.000000 1.000000 0.000000 0.000000 0.000000 0.000000 1.000000
1.000000 0.000000 0.000000 0.430000 0.000000 1.000000 0.000000 -0.000000 -0.000000 -0.000000 1.000000 0.000000 0.000000 0.000000 0.000000 1.000000</float_array><technique_common><accessor source="#jnt_right_uplegroll-Matrix-animation-output-transform-array" count="28" stride="16"><param type="float4x4"/></accessor></technique_common></source><source id="jnt_right_uplegroll-Interpolations"><Name_array id="jnt_right_uplegroll-Interpolations-array" count="28">
 LINEAR LINEAR LINEAR LINEAR LINEAR LINEAR LINEAR LINEAR LINEAR LINEAR LINEAR
LINEAR LINEAR LINEAR LINEAR LINEAR LINEAR LINEAR LINEAR LINEAR LINEAR LINEAR LINEAR
LINEAR LINEAR LINEAR LINEAR LINEAR</Name_array><technique_common><accessor source="#jnt_right_uplegroll-Interpolations-array" count="28"><param type="name"/></accessor></technique_common></source><sampler id="jnt_right_uplegroll-Matrix-animation-transform"><input semantic="INPUT" source="#jnt_right_uplegroll-Matrix-animation-input"/><input semantic="OUTPUT" source="#jnt_right_uplegroll-Matrix-animation-output-transform"/><input semantic="INTERPOLATION" source="#jnt_right_uplegroll-Interpolations"/></sampler><channel source="#jnt_right_uplegroll-Matrix-animation-transform" target="jnt_right_uplegroll/matrix"/></animation></animation>
    <animation id="jnt_right_leg-anim" name="jnt_right_leg"><animation><source id="jnt_right_leg-Matrix-animation-input"><float_array id="jnt_right_leg-Matrix-animation-input-array" count="28">

0.000000 0.033333 0.066667 0.100000 0.133333 0.166667 0.200000 0.233333 0.266667 0.300000 0.333333 0.366667 0.400000 0.433333 0.466667 0.500000
0.533333 0.566667 0.600000 0.633333 0.666667 0.700000 0.733333 0.766667 0.800000 0.833333 0.866667 0.900000</float_array><technique_common><accessor source="#jnt_right_leg-Matrix-animation-input-array" count="28"><param name="TIME" type="float"/></accessor></technique_common></source><source id="jnt_right_leg-Matrix-animation-output-transform"><float_array id="jnt_right_leg-Matrix-animation-output-transform-array" count="448">

0.907688 0.416820 -0.048616 0.860324 -0.419543 0.903923 -0.083110 -0.000000 0.009303 0.095834 0.995354 -0.000000 0.000000 0.000000 0.000000 1.000000
0.906905 0.418519 -0.048632 0.860324 -0.421231 0.903184 -0.082605 -0.000000 0.009352 0.095401 0.995395 -0.000000 0.000000 0.000000 0.000000 1.000000
0.901943 0.428993 -0.049636 0.860324 -0.431747 0.898311 -0.081433 -0.000000 0.009654 0.094878 0.995442 -0.000000 0.000000 0.000000 0.000000 1.000000
0.893500 0.446115 -0.051373 0.860324 -0.448948 0.889993 -0.079738 0.000000 0.010150 0.094309 0.995491 0.000000 0.000000 0.000000 0.000000 1.000000
0.882295 0.467637 -0.053584 0.860324 -0.470573 0.878936 -0.077667 0.000000 0.010777 0.093741 0.995538 0.000000 0.000000 0.000000 0.000000 1.000000
0.869046 0.491546 -0.056041 0.860324 -0.494598 0.865848 -0.075365 0.000000 0.011477 0.093213 0.995580 0.000000 0.000000 0.000000 0.000000 1.000000
0.854476 0.516178 -0.058568 0.860324 -0.519347 0.851443 -0.072964 -0.000000 0.012204 0.092763 0.995613 -0.000000 0.000000 0.000000 0.000000 1.000000
0.839300 0.540232 -0.061037 0.860325 -0.543516 0.836426 -0.070586 0.000000 0.012920 0.092417 0.995637 -0.000000 0.000000 0.000000 0.000000 1.000000
0.824223 0.562710 -0.063357 0.860324 -0.566102 0.821498 -0.068337 0.000000 0.013594 0.092191 0.995649 -0.000000 0.000000 0.000000 0.000000 1.000000
0.809923 0.582871 -0.065468 0.860325 -0.586364 0.807329 -0.066312 0.000000 0.014203 0.092096 0.995649 -0.000000 0.000000 0.000000 0.000000 1.000000
0.797071 0.600121 -0.067323 0.860324 -0.603706 0.794586 -0.064597 -0.000000 0.014727 0.092132 0.995638 -0.000000 0.000000 0.000000 0.000000 1.000000
0.786312 0.613977 -0.068882 0.860324 -0.617643 0.783909 -0.063269 0.000000 0.015152 0.092294 0.995616 0.000000 0.000000 0.000000 0.000000 1.000000
0.778274 0.624000 -0.070105 0.860324 -0.627735 0.775922 -0.062397 -0.000000 0.015460 0.092570 0.995586 -0.000000 0.000000 0.000000 0.000000 1.000000
0.773572 0.629726 -0.070941 0.860324 -0.633516 0.771237 -0.062050 0.000000 0.015638 0.092943 0.995549 0.000000 0.000000 0.000000 0.000000 1.000000
0.771006 0.632800 -0.071510 0.860324 -0.636634 0.768670 -0.062001 0.000000 0.015734 0.093329 0.995511 0.000000 0.000000 0.000000 0.000000 1.000000
0.765468 0.639319 -0.073000 0.860325 -0.643276 0.763103 -0.062204 0.000000 0.015938 0.094574 0.995390 -0.000000 0.000000 0.000000 0.000000 1.000000
0.758889 0.646897 -0.074912 0.860324 -0.651019 0.756476 -0.062594 -0.000000 0.016177 0.096271 0.995224 0.000000 0.000000 0.000000 0.000000 1.000000
0.752888 0.653656 -0.076768 0.860324 -0.657944 0.750422 -0.063055 0.000000 0.016392 0.097982 0.995053 -0.000000 0.000000 0.000000 0.000000 1.000000
0.748862 0.658108 -0.078099 0.860324 -0.662519 0.746353 -0.063448 0.000000 0.016534 0.099257 0.994925 -0.000000 0.000000 0.000000 0.000000 1.000000
0.753227 0.653168 -0.077590 0.860324 -0.657557 0.750674 -0.064096 0.000000 0.016380 0.099299 0.994923 0.000000 0.000000 0.000000 0.000000 1.000000
0.766477 0.637821 -0.075481 0.860324 -0.642075 0.763842 -0.065465 -0.000000 0.015901 0.098642 0.994996 -0.000000 0.000000 0.000000 0.000000 1.000000
0.786591 0.613248 -0.072122 0.860325 -0.617289 0.783836 -0.067495 0.000000 0.015141 0.097611 0.995109 0.000000 0.000000 0.000000 0.000000 1.000000
0.811441 0.580486 -0.067828 0.860325 -0.584264 0.808529 -0.070115 0.000000 0.014140 0.096524 0.995230 0.000000 0.000000 0.000000 0.000000 1.000000
0.838594 0.541112 -0.062909 0.860324 -0.544603 0.835494 -0.073196 0.000000 0.012952 0.095642 0.995331 0.000000 0.000000 0.000000 0.000000 1.000000
0.865179 0.498126 -0.057758 0.860324 -0.501327 0.861870 -0.076498 0.000000 0.011675 0.095140 0.995395 0.000000 0.000000 0.000000 0.000000 1.000000
0.887922 0.456934 -0.052975 0.860324 -0.459875 0.884406 -0.079630 0.000000 0.010466 0.095067 0.995416 0.000000 0.000000 0.000000 0.000000 1.000000
0.903285 0.426176 -0.049511 0.860324 -0.428935 0.899601 -0.082048 0.000000 0.009573 0.095350 0.995398 0.000000 0.000000 0.000000 0.000000 1.000000
0.907688 0.416820 -0.048616 0.860324 -0.419543 0.903923 -0.083110 -0.000000 0.009303 0.095834 0.995354 -0.000000 0.000000 0.000000 0.000000 1.000000</float_array><technique_common><accessor source="#jnt_right_leg-Matrix-animation-output-transform-array" count="28" stride="16"><param type="float4x4"/></accessor></technique_common></source><source id="jnt_right_leg-Interpolations"><Name_array id="jnt_right_leg-Interpolations-array" count="28">
 LINEAR LINEAR LINEAR LINEAR LINEAR LINEAR LINEAR LINEAR LINEAR LINEAR LINEAR
LINEAR LINEAR LINEAR LINEAR LINEAR LINEAR LINEAR LINEAR LINEAR LINEAR LINEAR LINEAR
LINEAR LINEAR LINEAR LINEAR LINEAR</Name_array><technique_common><accessor source="#jnt_right_leg-Interpolations-array" count="28"><param type="name"/></accessor></technique_common></source><sampler id="jnt_right_leg-Matrix-animation-transform"><input semantic="INPUT" source="#jnt_right_leg-Matrix-animation-input"/><input semantic="OUTPUT" source="#jnt_right_leg-Matrix-animation-output-transform"/><input semantic="INTERPOLATION" source="#jnt_right_leg-Interpolations"/></sampler><channel source="#jnt_right_leg-Matrix-animation-transform" target="jnt_right_leg/matrix"/></animation></animation>
    <animation id="jnt_right_legroll-anim" name="jnt_right_legroll"><animation><source id="jnt_right_legroll-Matrix-animation-input"><float_array id="jnt_right_legroll-Matrix-animation-input-array" count="28">

0.000000 0.033333 0.066667 0.100000 0.133333 0.166667 0.200000 0.233333 0.266667 0.300000 0.333333 0.366667 0.400000 0.433333 0.466667 0.500000
0.533333 0.566667 0.600000 0.633333 0.666667 0.700000 0.733333 0.766667 0.800000 0.833333 0.866667 0.900000</float_array><technique_common><accessor source="#jnt_right_legroll-Matrix-animation-input-array" count="28"><param name="TIME" type="float"/></accessor></technique_common></source><source id="jnt_right_legroll-Matrix-animation-output-transform"><float_array id="jnt_right_legroll-Matrix-animation-output-transform-array" count="448">

1.000000 -0.000000 0.000000 0.384000 0.000000 1.000000 -0.000000 -0.000000 0.000000 -0.000000 1.000000 0.000000 0.000000 0.000000 0.000000 1.000000
1.000000 0.000000 -0.000000 0.384000 0.000000 1.000000 0.000000 0.000000 0.000000 -0.000000 1.000000 -0.000000 0.000000 0.000000 0.000000 1.000000
1.000000 -0.000000 -0.000000 0.384000 -0.000000 1.000000 0.000000 -0.000000 0.000000 0.000000 1.000000 0.000000 0.000000 0.000000 0.000000 1.000000
1.000000 0.000000 -0.000000 0.384000 0.000000 1.000000 0.000000 -0.000000 0.000000 -0.000000 1.000000 -0.000000 0.000000 0.000000 0.000000 1.000000
1.000000 -0.000000 -0.000000 0.384000 -0.000000 1.000000 -0.000000 -0.000000 0.000000 0.000000 1.000000 0.000000 0.000000 0.000000 0.000000 1.000000
1.000000 0.000000 0.000000 0.384000 0.000000 1.000000 0.000000 -0.000000 0.000000 0.000000 1.000000 0.000000 0.000000 0.000000 0.000000 1.000000
1.000000 0.000000 0.000000 0.384000 -0.000000 1.000000 -0.000000 0.000000 -0.000000 0.000000 1.000000 0.000000 0.000000 0.000000 0.000000 1.000000
1.000000 -0.000000 0.000000 0.384000 0.000000 1.000000 -0.000000 -0.000000 0.000000 0.000000 1.000000 -0.000000 0.000000 0.000000 0.000000 1.000000
1.000000 -0.000000 0.000000 0.384000 0.000000 1.000000 0.000000 0.000000 0.000000 0.000000 1.000000 0.000000 0.000000 0.000000 0.000000 1.000000
1.000000 0.000000 -0.000000 0.384000 -0.000000 1.000000 0.000000 -0.000000 0.000000 0.000000 1.000000 0.000000 0.000000 0.000000 0.000000 1.000000
1.000000 -0.000000 0.000000 0.384000 0.000000 1.000000 0.000000 0.000000 0.000000 0.000000 1.000000 0.000000 0.000000 0.000000 0.000000 1.000000
1.000000 0.000000 0.000000 0.384000 0.000000 1.000000 -0.000000 0.000000 0.000000 0.000000 1.000000 0.000000 0.000000 0.000000 0.000000 1.000000
1.000000 0.000000 0.000000 0.384000 -0.000000 1.000000 -0.000000 -0.000000 -0.000000 0.000000 1.000000 0.000000 0.000000 0.000000 0.000000 1.000000
1.000000 -0.000000 0.000000 0.384000 0.000000 1.000000 0.000000 -0.000000 0.000000 0.000000 1.000000 0.000000 0.000000 0.000000 0.000000 1.000000
1.000000 0.000000 -0.000000 0.384000 0.000000 1.000000 0.000000 -0.000000 -0.000000 0.000000 1.000000 0.000000 0.000000 0.000000 0.000000 1.000000
1.000000 -0.000000 0.000000 0.384000 0.000000 1.000000 -0.000000 -0.000000 -0.000000 0.000000 1.000000 0.000000 0.000000 0.000000 0.000000 1.000000
1.000000 0.000000 0.000000 0.384000 0.000000 1.000000 0.000000 0.000000 0.000000 0.000000 1.000000 0.000000 0.000000 0.000000 0.000000 1.000000
1.000000 -0.000000 0.000000 0.384000 -0.000000 1.000000 -0.000000 -0.000000 -0.000000 0.000000 1.000000 0.000000 0.000000 0.000000 0.000000 1.000000
1.000000 0.000000 -0.000000 0.384000 0.000000 1.000000 -0.000000 -0.000000 -0.000000 -0.000000 1.000000 0.000000 0.000000 0.000000 0.000000 1.000000
1.000000 -0.000000 -0.000000 0.384000 0.000000 1.000000 0.000000 -0.000000 0.000000 -0.000000 1.000000 -0.000000 0.000000 0.000000 0.000000 1.000000
1.000000 0.000000 -0.000000 0.384000 0.000000 1.000000 0.000000 -0.000000 -0.000000 0.000000 1.000000 0.000000 0.000000 0.000000 0.000000 1.000000
1.000000 0.000000 0.000000 0.384000 -0.000000 1.000000 -0.000000 0.000000 0.000000 -0.000000 1.000000 0.000000 0.000000 0.000000 0.000000 1.000000
1.000000 -0.000000 0.000000 0.384000 -0.000000 1.000000 0.000000 -0.000000 0.000000 0.000000 1.000000 -0.000000 0.000000 0.000000 0.000000 1.000000
1.000000 -0.000000 0.000000 0.384000 -0.000000 1.000000 -0.000000 0.000000 -0.000000 0.000000 1.000000 -0.000000 0.000000 0.000000 0.000000 1.000000
1.000000 -0.000000 0.000000 0.384000 -0.000000 1.000000 -0.000000 -0.000000 0.000000 0.000000 1.000000 -0.000000 0.000000 0.000000 0.000000 1.000000
1.000000 0.000000 0.000000 0.384000 -0.000000 1.000000 0.000000 0.000000 -0.000000 -0.000000 1.000000 -0.000000 0.000000 0.000000 0.000000 1.000000
1.000000 -0.000000 0.000000 0.384000 0.000000 1.000000 0.000000 0.000000 -0.000000 0.000000 1.000000 -0.000000 0.000000 0.000000 0.000000 1.000000
1.000000 -0.000000 0.000000 0.384000 0.000000 1.000000 -0.000000 -0.000000 0.000000 -0.000000 1.000000 0.000000 0.000000 0.000000 0.000000 1.000000</float_array><technique_common><accessor source="#jnt_right_legroll-Matrix-animation-output-transform-array" count="28" stride="16"><param type="float4x4"/></accessor></technique_common></source><source id="jnt_right_legroll-Interpolations"><Name_array id="jnt_right_legroll-Interpolations-array" count="28">
 LINEAR LINEAR LINEAR LINEAR LINEAR LINEAR LINEAR LINEAR LINEAR LINEAR LINEAR
LINEAR LINEAR LINEAR LINEAR LINEAR LINEAR LINEAR LINEAR LINEAR LINEAR LINEAR LINEAR
LINEAR LINEAR LINEAR LINEAR LINEAR</Name_array><technique_common><accessor source="#jnt_right_legroll-Interpolations-array" count="28"><param type="name"/></accessor></technique_common></source><sampler id="jnt_right_legroll-Matrix-animation-transform"><input semantic="INPUT" source="#jnt_right_legroll-Matrix-animation-input"/><input semantic="OUTPUT" source="#jnt_right_legroll-Matrix-animation-output-transform"/><input semantic="INTERPOLATION" source="#jnt_right_legroll-Interpolations"/></sampler><channel source="#jnt_right_legroll-Matrix-animation-transform" target="jnt_right_legroll/matrix"/></animation></animation>
    <animation id="jnt_right_foot-anim" name="jnt_right_foot"><animation><source id="jnt_right_foot-Matrix-animation-input"><float_array id="jnt_right_foot-Matrix-animation-input-array" count="28">

0.000000 0.033333 0.066667 0.100000 0.133333 0.166667 0.200000 0.233333 0.266667 0.300000 0.333333 0.366667 0.400000 0.433333 0.466667 0.500000
0.533333 0.566667 0.600000 0.633333 0.666667 0.700000 0.733333 0.766667 0.800000 0.833333 0.866667 0.900000</float_array><technique_common><accessor source="#jnt_right_foot-Matrix-animation-input-array" count="28"><param name="TIME" type="float"/></accessor></technique_common></source><source id="jnt_right_foot-Matrix-animation-output-transform"><float_array id="jnt_right_foot-Matrix-animation-output-transform-array" count="448">

0.125471 -0.946433 0.297525 0.768145 0.984185 0.080942 -0.157569 -0.000000 0.125047 0.312590 0.941621 0.000000 0.000000 0.000000 0.000000 1.000000
0.125035 -0.946568 0.297281 0.768145 0.984229 0.080546 -0.157496 -0.000000 0.125135 0.312285 0.941711 -0.000000 0.000000 0.000000 0.000000 1.000000
0.120445 -0.946999 0.297803 0.768145 0.984776 0.076102 -0.156287 -0.000000 0.125340 0.312093 0.941747 0.000000 0.000000 0.000000 0.000000 1.000000
0.112744 -0.947629 0.298813 0.768145 0.985648 0.068633 -0.154234 0.000000 0.125648 0.311913 0.941766 -0.000000 0.000000 0.000000 0.000000 1.000000
0.103032 -0.948353 0.300019 0.768145 0.986660 0.059220 -0.151643 0.000000 0.126044 0.311641 0.941803 -0.000000 0.000000 0.000000 0.000000 1.000000
0.092300 -0.949093 0.301169 0.768145 0.987662 0.048835 -0.148793 0.000000 0.126511 0.311187 0.941890 0.000000 0.000000 0.000000 0.000000 1.000000
0.081380 -0.949805 0.302072 0.768145 0.988555 0.038291 -0.145923 0.000000 0.127031 0.310490 0.942051 -0.000000 0.000000 0.000000 0.000000 1.000000
0.070936 -0.950477 0.302590 0.768145 0.989288 0.028236 -0.143223 0.000000 0.127586 0.309509 0.942298 -0.000000 0.000000 0.000000 0.000000 1.000000
0.061496 -0.951120 0.302637 0.768145 0.989845 0.019183 -0.140850 0.000000 0.128160 0.308226 0.942641 0.000000 0.000000 0.000000 0.000000 1.000000
0.053469 -0.951756 0.302162 0.768144 0.990236 0.011526 -0.138921 -0.000000 0.128736 0.306639 0.943080 0.000000 0.000000 0.000000 0.000000 1.000000
0.047198 -0.952414 0.301132 0.768145 0.990481 0.005599 -0.137535 0.000000 0.129304 0.304757 0.943612 0.000000 0.000000 0.000000 0.000000 1.000000
0.042973 -0.953118 0.299533 0.768144 0.990601 0.001681 -0.136771 0.000000 0.129855 0.302596 0.944232 0.000000 0.000000 0.000000 0.000000 1.000000
0.041059 -0.953885 0.297350 0.768145 0.990613 0.000028 -0.136695 -0.000000 0.130383 0.300172 0.944932 0.000000 0.000000 0.000000 0.000000 1.000000
0.041722 -0.954721 0.294563 0.768145 0.990519 0.000903 -0.137372 0.000000 0.130886 0.297502 0.945707 0.000000 0.000000 0.000000 0.000000 1.000000
0.044968 -0.956085 0.289618 0.768145 0.990272 0.004448 -0.139071 0.000000 0.131676 0.293054 0.946985 0.000000 0.000000 0.000000 0.000000 1.000000
0.046810 -0.957845 0.283445 0.768144 0.990039 0.006768 -0.140633 -0.000000 0.132787 0.287204 0.948621 0.000000 0.000000 0.000000 0.000000 1.000000
0.047606 -0.959569 0.277419 0.768145 0.989848 0.008082 -0.141903 -0.000000 0.133924 0.281358 0.950212 0.000000 0.000000 0.000000 0.000000 1.000000
0.047401 -0.960839 0.273024 0.768145 0.989740 0.008296 -0.142639 -0.000000 0.134789 0.276984 0.951374 -0.000000 0.000000 0.000000 0.000000 1.000000
0.046011 -0.961248 0.271817 0.768144 0.989766 0.007073 -0.142527 -0.000000 0.135082 0.275593 0.951736 0.000000 0.000000 0.000000 0.000000 1.000000
0.046916 -0.960767 0.273360 0.768145 0.989769 0.007798 -0.142465 0.000000 0.134744 0.277247 0.951303 -0.000000 0.000000 0.000000 0.000000 1.000000
0.050763 -0.959587 0.276797 0.768144 0.989694 0.011174 -0.142764 0.000000 0.133902 0.281191 0.950264 0.000000 0.000000 0.000000 0.000000 1.000000
0.057655 -0.957884 0.281309 0.768144 0.989481 0.017380 -0.143618 0.000000 0.132680 0.286630 0.948810 0.000000 0.000000 0.000000 0.000000 1.000000
0.067737 -0.955815 0.286059 0.768145 0.989040 0.026627 -0.145230 -0.000000 0.131197 0.292761 0.947142 -0.000000 0.000000 0.000000 0.000000 1.000000
0.080827 -0.953515 0.290303 0.768145 0.988270 0.038803 -0.147705 -0.000000 0.129575 0.298837 0.945467 0.000000 0.000000 0.000000 0.000000 1.000000
0.095998 -0.951124 0.293509 0.768144 0.987123 0.053063 -0.150906 -0.000000 0.127956 0.304217 0.943970 -0.000000 0.000000 0.000000 0.000000 1.000000
0.111130 -0.948856 0.295505 0.768145 0.985720 0.067387 -0.154322 0.000000 0.126517 0.308435 0.942795 -0.000000 0.000000 0.000000 0.000000 1.000000
0.122550 -0.947102 0.296612 0.768145 0.984499 0.078227 -0.156976 0.000000 0.125470 0.311252 0.942008 0.000000 0.000000 0.000000 0.000000 1.000000
0.125471 -0.946433 0.297525 0.768145 0.984185 0.080942 -0.157569 -0.000000 0.125047 0.312590 0.941621 0.000000 0.000000 0.000000 0.000000 1.000000</float_array><technique_common><accessor source="#jnt_right_foot-Matrix-animation-output-transform-array" count="28" stride="16"><param type="float4x4"/></accessor></technique_common></source><source id="jnt_right_foot-Interpolations"><Name_array id="jnt_right_foot-Interpolations-array" count="28">
 LINEAR LINEAR LINEAR LINEAR LINEAR LINEAR LINEAR LINEAR LINEAR LINEAR LINEAR
LINEAR LINEAR LINEAR LINEAR LINEAR LINEAR LINEAR LINEAR LINEAR LINEAR LINEAR LINEAR
LINEAR LINEAR LINEAR LINEAR LINEAR</Name_array><technique_common><accessor source="#jnt_right_foot-Interpolations-array" count="28"><param type="name"/></accessor></technique_common></source><sampler id="jnt_right_foot-Matrix-animation-transform"><input semantic="INPUT" source="#jnt_right_foot-Matrix-animation-input"/><input semantic="OUTPUT" source="#jnt_right_foot-Matrix-animation-output-transform"/><input semantic="INTERPOLATION" source="#jnt_right_foot-Interpolations"/></sampler><channel source="#jnt_right_foot-Matrix-animation-transform" target="jnt_right_foot/matrix"/></animation></animation>
    <animation id="jnt_right_toebase-anim" name="jnt_right_toebase"><animation><source id="jnt_right_toebase-Matrix-animation-input"><float_array id="jnt_right_toebase-Matrix-animation-input-array" count="28">

0.000000 0.033333 0.066667 0.100000 0.133333 0.166667 0.200000 0.233333 0.266667 0.300000 0.333333 0.366667 0.400000 0.433333 0.466667 0.500000
0.533333 0.566667 0.600000 0.633333 0.666667 0.700000 0.733333 0.766667 0.800000 0.833333 0.866667 0.900000</float_array><technique_common><accessor source="#jnt_right_toebase-Matrix-animation-input-array" count="28"><param name="TIME" type="float"/></accessor></technique_common></source><source id="jnt_right_toebase-Matrix-animation-output-transform"><float_array id="jnt_right_toebase-Matrix-animation-output-transform-array" count="448">

0.918954 -0.394364 -0.000122 0.441847 0.394364 0.918954 0.000314 -0.000000 -0.000012 -0.000337 1.000000 0.000000 0.000000 0.000000 0.000000 1.000000
0.918954 -0.394364 -0.000122 0.441847 0.394364 0.918954 0.000314 -0.000000 -0.000012 -0.000337 1.000000 0.000000 0.000000 0.000000 0.000000 1.000000
0.918954 -0.394364 -0.000122 0.441847 0.394364 0.918954 0.000314 -0.000000 -0.000012 -0.000337 1.000000 -0.000000 0.000000 0.000000 0.000000 1.000000
0.918954 -0.394364 -0.000122 0.441847 0.394364 0.918954 0.000314 -0.000000 -0.000012 -0.000337 1.000000 0.000000 0.000000 0.000000 0.000000 1.000000
0.918954 -0.394364 -0.000122 0.441847 0.394364 0.918954 0.000314 0.000000 -0.000012 -0.000337 1.000000 0.000000 0.000000 0.000000 0.000000 1.000000
0.918954 -0.394364 -0.000122 0.441847 0.394364 0.918954 0.000314 -0.000000 -0.000012 -0.000337 1.000000 -0.000000 0.000000 0.000000 0.000000 1.000000
0.918954 -0.394364 -0.000122 0.441847 0.394364 0.918954 0.000314 -0.000000 -0.000012 -0.000337 1.000000 0.000000 0.000000 0.000000 0.000000 1.000000
0.918954 -0.394364 -0.000122 0.441847 0.394364 0.918954 0.000314 -0.000000 -0.000012 -0.000337 1.000000 0.000000 0.000000 0.000000 0.000000 1.000000
0.918954 -0.394364 -0.000122 0.441847 0.394364 0.918954 0.000314 -0.000000 -0.000012 -0.000337 1.000000 -0.000000 0.000000 0.000000 0.000000 1.000000
0.918954 -0.394364 -0.000122 0.441847 0.394364 0.918954 0.000314 0.000000 -0.000012 -0.000337 1.000000 0.000000 0.000000 0.000000 0.000000 1.000000
0.918954 -0.394364 -0.000122 0.441846 0.394364 0.918954 0.000314 -0.000000 -0.000012 -0.000337 1.000000 0.000000 0.000000 0.000000 0.000000 1.000000
0.918954 -0.394364 -0.000122 0.441847 0.394364 0.918954 0.000314 0.000000 -0.000012 -0.000337 1.000000 0.000000 0.000000 0.000000 0.000000 1.000000
0.918954 -0.394364 -0.000122 0.441847 0.394364 0.918954 0.000314 -0.000000 -0.000012 -0.000337 1.000000 0.000000 0.000000 0.000000 0.000000 1.000000
0.918954 -0.394364 -0.000122 0.441847 0.394364 0.918954 0.000314 -0.000000 -0.000012 -0.000337 1.000000 0.000000 0.000000 0.000000 0.000000 1.000000
0.918954 -0.394364 -0.000122 0.441847 0.394364 0.918954 0.000314 -0.000000 -0.000012 -0.000337 1.000000 0.000000 0.000000 0.000000 0.000000 1.000000
0.918954 -0.394364 -0.000122 0.441847 0.394364 0.918954 0.000314 -0.000000 -0.000012 -0.000337 1.000000 0.000000 0.000000 0.000000 0.000000 1.000000
0.918954 -0.394364 -0.000122 0.441847 0.394364 0.918954 0.000314 -0.000000 -0.000012 -0.000337 1.000000 0.000000 0.000000 0.000000 0.000000 1.000000
0.918954 -0.394364 -0.000122 0.441847 0.394364 0.918954 0.000314 -0.000000 -0.000012 -0.000337 1.000000 0.000000 0.000000 0.000000 0.000000 1.000000
