<?xml version="1.0" encoding="utf-8"?>
<COLLADA xmlns="http://www.collada.org/2005/11/COLLADASchema" version="1.4.1">
  <asset><contributor><author></author><authoring_tool>FBX COLLADA exporter</authoring_tool><comments></comments></contributor><created>2019-02-13T10:47:04Z</created><keywords></keywords><modified>2019-02-13T10:47:04Z</modified><revision></revision><subject></subject><title></title><unit meter="0.010000" name="centimeter"></unit><up_axis>Y_UP</up_axis></asset>
  <library_animations>
    <animation id="root_jnt-anim" name="root_jnt"><animation><source id="root_jnt-Matrix-animation-input"><float_array id="root_jnt-Matrix-animation-input-array" count="19">

0.000000 0.033333 0.066667 0.100000 0.133333 0.166667 0.200000 0.233333 0.266667 0.300000 0.333333 0.366667 0.400000 0.433333 0.466667 0.500000
0.533333 0.566667 0.600000</float_array><technique_common><accessor source="#root_jnt-Matrix-animation-input-array" count="19"><param name="TIME" type="float"/></accessor></technique_common></source><source id="root_jnt-Matrix-animation-output-transform"><float_array id="root_jnt-Matrix-animation-output-transform-array" count="304">

1.000000 0.000000 0.000000 0.000000 0.000000 1.000000 0.000000 0.000000 0.000000 0.000000 1.000000 0.000000 0.000000 0.000000 0.000000 1.000000
1.000000 0.000000 0.000000 0.000000 0.000000 1.000000 0.000000 0.000000 0.000000 0.000000 1.000000 0.000000 0.000000 0.000000 0.000000 1.000000
1.000000 0.000000 0.000000 0.000000 0.000000 1.000000 0.000000 0.000000 0.000000 0.000000 1.000000 0.000000 0.000000 0.000000 0.000000 1.000000
1.000000 0.000000 0.000000 0.000000 0.000000 1.000000 0.000000 0.000000 0.000000 0.000000 1.000000 0.000000 0.000000 0.000000 0.000000 1.000000
1.000000 0.000000 0.000000 0.000000 0.000000 1.000000 0.000000 0.000000 0.000000 0.000000 1.000000 0.000000 0.000000 0.000000 0.000000 1.000000
1.000000 0.000000 0.000000 0.000000 0.000000 1.000000 0.000000 0.000000 0.000000 0.000000 1.000000 0.000000 0.000000 0.000000 0.000000 1.000000
1.000000 0.000000 0.000000 0.000000 0.000000 1.000000 0.000000 0.000000 0.000000 0.000000 1.000000 0.000000 0.000000 0.000000 0.000000 1.000000
1.000000 0.000000 0.000000 0.000000 0.000000 1.000000 0.000000 0.000000 0.000000 0.000000 1.000000 0.000000 0.000000 0.000000 0.000000 1.000000
1.000000 0.000000 0.000000 0.000000 0.000000 1.000000 0.000000 0.000000 0.000000 0.000000 1.000000 0.000000 0.000000 0.000000 0.000000 1.000000
1.000000 0.000000 0.000000 0.000000 0.000000 1.000000 0.000000 0.000000 0.000000 0.000000 1.000000 0.000000 0.000000 0.000000 0.000000 1.000000
1.000000 0.000000 0.000000 0.000000 0.000000 1.000000 0.000000 0.000000 0.000000 0.000000 1.000000 0.000000 0.000000 0.000000 0.000000 1.000000
1.000000 0.000000 0.000000 0.000000 0.000000 1.000000 0.000000 0.000000 0.000000 0.000000 1.000000 0.000000 0.000000 0.000000 0.000000 1.000000
1.000000 0.000000 0.000000 0.000000 0.000000 1.000000 0.000000 0.000000 0.000000 0.000000 1.000000 0.000000 0.000000 0.000000 0.000000 1.000000
1.000000 0.000000 0.000000 0.000000 0.000000 1.000000 0.000000 0.000000 0.000000 0.000000 1.000000 0.000000 0.000000 0.000000 0.000000 1.000000
1.000000 0.000000 0.000000 0.000000 0.000000 1.000000 0.000000 0.000000 0.000000 0.000000 1.000000 0.000000 0.000000 0.000000 0.000000 1.000000
1.000000 0.000000 0.000000 0.000000 0.000000 1.000000 0.000000 0.000000 0.000000 0.000000 1.000000 0.000000 0.000000 0.000000 0.000000 1.000000
1.000000 0.000000 0.000000 0.000000 0.000000 1.000000 0.000000 0.000000 0.000000 0.000000 1.000000 0.000000 0.000000 0.000000 0.000000 1.000000
1.000000 0.000000 0.000000 0.000000 0.000000 1.000000 0.000000 0.000000 0.000000 0.000000 1.000000 0.000000 0.000000 0.000000 0.000000 1.000000
1.000000 0.000000 0.000000 0.000000 0.000000 1.000000 0.000000 0.000000 0.000000 0.000000 1.000000 0.000000 0.000000 0.000000 0.000000 1.000000</float_array><technique_common><accessor source="#root_jnt-Matrix-animation-output-transform-array" count="19" stride="16"><param type="float4x4"/></accessor></technique_common></source><source id="root_jnt-Interpolations"><Name_array id="root_jnt-Interpolations-array" count="19">
 LINEAR LINEAR LINEAR LINEAR LINEAR LINEAR LINEAR LINEAR LINEAR LINEAR LINEAR
LINEAR LINEAR LINEAR LINEAR LINEAR LINEAR LINEAR LINEAR</Name_array><technique_common><accessor source="#root_jnt-Interpolations-array" count="19"><param type="name"/></accessor></technique_common></source><sampler id="root_jnt-Matrix-animation-transform"><input semantic="INPUT" source="#root_jnt-Matrix-animation-input"/><input semantic="OUTPUT" source="#root_jnt-Matrix-animation-output-transform"/><input semantic="INTERPOLATION" source="#root_jnt-Interpolations"/></sampler><channel source="#root_jnt-Matrix-animation-transform" target="root_jnt/matrix"/></animation></animation>
    <animation id="jnt_hips-anim" name="jnt_hips"><animation><source id="jnt_hips-Matrix-animation-input"><float_array id="jnt_hips-Matrix-animation-input-array" count="19">

0.000000 0.033333 0.066667 0.100000 0.133333 0.166667 0.200000 0.233333 0.266667 0.300000 0.333333 0.366667 0.400000 0.433333 0.466667 0.500000
0.533333 0.566667 0.600000</float_array><technique_common><accessor source="#jnt_hips-Matrix-animation-input-array" count="19"><param name="TIME" type="float"/></accessor></technique_common></source><source id="jnt_hips-Matrix-animation-output-transform"><float_array id="jnt_hips-Matrix-animation-output-transform-array" count="304">

1.000000 0.000000 0.000000 0.000000 0.000000 1.000000 0.000000 4.862378 0.000000 0.000000 1.000000 -0.094053 0.000000 0.000000 0.000000 1.000000
1.000000 0.000000 0.000000 0.000000 0.000000 1.000000 0.000000 4.862378 0.000000 0.000000 1.000000 -0.094053 0.000000 0.000000 0.000000 1.000000
1.000000 0.000000 0.000000 0.000000 0.000000 1.000000 0.000000 4.862378 0.000000 0.000000 1.000000 -0.094053 0.000000 0.000000 0.000000 1.000000
1.000000 0.000000 0.000000 0.000000 0.000000 1.000000 0.000000 4.862378 0.000000 0.000000 1.000000 -0.094053 0.000000 0.000000 0.000000 1.000000
1.000000 0.000000 0.000000 0.000000 0.000000 1.000000 0.000000 4.862378 0.000000 0.000000 1.000000 -0.094053 0.000000 0.000000 0.000000 1.000000
1.000000 0.000000 0.000000 0.000000 0.000000 1.000000 0.000000 4.410796 0.000000 0.000000 1.000000 -0.094053 0.000000 0.000000 0.000000 1.000000
1.000000 0.000000 0.000000 0.000000 0.000000 1.000000 0.000000 4.491533 0.000000 0.000000 1.000000 -0.094053 0.000000 0.000000 0.000000 1.000000
1.000000 0.000000 0.000000 0.000000 0.000000 1.000000 0.000000 4.684060 0.000000 0.000000 1.000000 -0.094053 0.000000 0.000000 0.000000 1.000000
1.000000 0.000000 0.000000 0.000000 0.000000 1.000000 0.000000 4.913849 0.000000 0.000000 1.000000 -0.094053 0.000000 0.000000 0.000000 1.000000
1.000000 0.000000 0.000000 0.000000 0.000000 1.000000 0.000000 5.106376 0.000000 0.000000 1.000000 -0.094053 0.000000 0.000000 0.000000 1.000000
1.000000 0.000000 0.000000 0.000000 0.000000 1.000000 0.000000 5.187113 0.000000 0.000000 1.000000 -0.094053 0.000000 0.000000 0.000000 1.000000
1.000000 0.000000 0.000000 0.000000 0.000000 1.000000 0.000000 5.173160 0.000000 0.000000 1.000000 -0.094053 0.000000 0.000000 0.000000 1.000000
1.000000 0.000000 0.000000 0.000000 0.000000 1.000000 0.000000 5.136373 0.000000 0.000000 1.000000 -0.094053 0.000000 0.000000 0.000000 1.000000
1.000000 0.000000 0.000000 0.000000 0.000000 1.000000 0.000000 5.084365 0.000000 0.000000 1.000000 -0.094053 0.000000 0.000000 0.000000 1.000000
1.000000 0.000000 0.000000 0.000000 0.000000 1.000000 0.000000 5.024745 0.000000 0.000000 1.000000 -0.094053 0.000000 0.000000 0.000000 1.000000
1.000000 0.000000 0.000000 0.000000 0.000000 1.000000 0.000000 4.965127 0.000000 0.000000 1.000000 -0.094053 0.000000 0.000000 0.000000 1.000000
1.000000 0.000000 0.000000 0.000000 0.000000 1.000000 0.000000 4.913118 0.000000 0.000000 1.000000 -0.094053 0.000000 0.000000 0.000000 1.000000
1.000000 0.000000 0.000000 0.000000 0.000000 1.000000 0.000000 4.876332 0.000000 0.000000 1.000000 -0.094053 0.000000 0.000000 0.000000 1.000000
1.000000 0.000000 0.000000 0.000000 0.000000 1.000000 0.000000 4.862378 0.000000 0.000000 1.000000 -0.094053 0.000000 0.000000 0.000000 1.000000</float_array><technique_common><accessor source="#jnt_hips-Matrix-animation-output-transform-array" count="19" stride="16"><param type="float4x4"/></accessor></technique_common></source><source id="jnt_hips-Interpolations"><Name_array id="jnt_hips-Interpolations-array" count="19">
 LINEAR LINEAR LINEAR LINEAR LINEAR LINEAR LINEAR LINEAR LINEAR LINEAR LINEAR
LINEAR LINEAR LINEAR LINEAR LINEAR LINEAR LINEAR LINEAR</Name_array><technique_common><accessor source="#jnt_hips-Interpolations-array" count="19"><param type="name"/></accessor></technique_common></source><sampler id="jnt_hips-Matrix-animation-transform"><input semantic="INPUT" source="#jnt_hips-Matrix-animation-input"/><input semantic="OUTPUT" source="#jnt_hips-Matrix-animation-output-transform"/><input semantic="INTERPOLATION" source="#jnt_hips-Interpolations"/></sampler><channel source="#jnt_hips-Matrix-animation-transform" target="jnt_hips/matrix"/></animation></animation>
    <animation id="jnt_pelvis-anim" name="jnt_pelvis"><animation><source id="jnt_pelvis-Matrix-animation-input"><float_array id="jnt_pelvis-Matrix-animation-input-array" count="19">

0.000000 0.033333 0.066667 0.100000 0.133333 0.166667 0.200000 0.233333 0.266667 0.300000 0.333333 0.366667 0.400000 0.433333 0.466667 0.500000
0.533333 0.566667 0.600000</float_array><technique_common><accessor source="#jnt_pelvis-Matrix-animation-input-array" count="19"><param name="TIME" type="float"/></accessor></technique_common></source><source id="jnt_pelvis-Matrix-animation-output-transform"><float_array id="jnt_pelvis-Matrix-animation-output-transform-array" count="304">

1.000000 0.000003 0.000000 0.025752 -0.000003 1.000000 0.000000 -0.431976 0.000000 0.000000 1.000000 -0.213015 0.000000 0.000000 0.000000 1.000000
1.000000 0.000003 0.000000 0.025752 -0.000003 1.000000 0.000000 -0.431976 0.000000 0.000000 1.000000 -0.213015 0.000000 0.000000 0.000000 1.000000
1.000000 0.000003 0.000000 0.025752 -0.000003 1.000000 0.000000 -0.431976 0.000000 0.000000 1.000000 -0.213015 0.000000 0.000000 0.000000 1.000000
1.000000 0.000003 0.000000 0.025752 -0.000003 1.000000 0.000000 -0.431976 0.000000 0.000000 1.000000 -0.213015 0.000000 0.000000 0.000000 1.000000
1.000000 0.000003 0.000000 0.025752 -0.000003 1.000000 0.000000 -0.431976 0.000000 0.000000 1.000000 -0.213015 0.000000 0.000000 0.000000 1.000000
1.000000 0.000003 0.000000 0.025752 -0.000003 1.000000 0.000000 -0.431976 0.000000 0.000000 1.000000 -0.213015 0.000000 0.000000 0.000000 1.000000
1.000000 0.000003 0.000000 0.025752 -0.000003 1.000000 0.000000 -0.431976 0.000000 0.000000 1.000000 -0.213015 0.000000 0.000000 0.000000 1.000000
1.000000 0.000003 0.000000 0.025752 -0.000003 1.000000 0.000000 -0.431976 0.000000 0.000000 1.000000 -0.213015 0.000000 0.000000 0.000000 1.000000
1.000000 0.000003 0.000000 0.025752 -0.000003 1.000000 0.000000 -0.431976 0.000000 0.000000 1.000000 -0.213015 0.000000 0.000000 0.000000 1.000000
1.000000 0.000003 0.000000 0.025752 -0.000003 1.000000 0.000000 -0.431976 0.000000 0.000000 1.000000 -0.213015 0.000000 0.000000 0.000000 1.000000
1.000000 0.000003 0.000000 0.025752 -0.000003 1.000000 0.000000 -0.431976 0.000000 0.000000 1.000000 -0.213015 0.000000 0.000000 0.000000 1.000000
1.000000 0.000003 0.000000 0.025752 -0.000003 1.000000 0.000000 -0.431976 0.000000 0.000000 1.000000 -0.213015 0.000000 0.000000 0.000000 1.000000
1.000000 0.000003 0.000000 0.025752 -0.000003 1.000000 0.000000 -0.431976 0.000000 0.000000 1.000000 -0.213015 0.000000 0.000000 0.000000 1.000000
1.000000 0.000003 0.000000 0.025752 -0.000003 1.000000 0.000000 -0.431976 0.000000 0.000000 1.000000 -0.213015 0.000000 0.000000 0.000000 1.000000
1.000000 0.000003 0.000000 0.025752 -0.000003 1.000000 0.000000 -0.431976 0.000000 0.000000 1.000000 -0.213015 0.000000 0.000000 0.000000 1.000000
1.000000 0.000003 0.000000 0.025752 -0.000003 1.000000 0.000000 -0.431976 0.000000 0.000000 1.000000 -0.213015 0.000000 0.000000 0.000000 1.000000
1.000000 0.000003 0.000000 0.025752 -0.000003 1.000000 0.000000 -0.431976 0.000000 0.000000 1.000000 -0.213015 0.000000 0.000000 0.000000 1.000000
1.000000 0.000003 0.000000 0.025752 -0.000003 1.000000 0.000000 -0.431976 0.000000 0.000000 1.000000 -0.213015 0.000000 0.000000 0.000000 1.000000
1.000000 0.000003 0.000000 0.025752 -0.000003 1.000000 0.000000 -0.431976 0.000000 0.000000 1.000000 -0.213015 0.000000 0.000000 0.000000 1.000000</float_array><technique_common><accessor source="#jnt_pelvis-Matrix-animation-output-transform-array" count="19" stride="16"><param type="float4x4"/></accessor></technique_common></source><source id="jnt_pelvis-Interpolations"><Name_array id="jnt_pelvis-Interpolations-array" count="19">
 LINEAR LINEAR LINEAR LINEAR LINEAR LINEAR LINEAR LINEAR LINEAR LINEAR LINEAR
LINEAR LINEAR LINEAR LINEAR LINEAR LINEAR LINEAR LINEAR</Name_array><technique_common><accessor source="#jnt_pelvis-Interpolations-array" count="19"><param type="name"/></accessor></technique_common></source><sampler id="jnt_pelvis-Matrix-animation-transform"><input semantic="INPUT" source="#jnt_pelvis-Matrix-animation-input"/><input semantic="OUTPUT" source="#jnt_pelvis-Matrix-animation-output-transform"/><input semantic="INTERPOLATION" source="#jnt_pelvis-Interpolations"/></sampler><channel source="#jnt_pelvis-Matrix-animation-transform" target="jnt_pelvis/matrix"/></animation></animation>
    <animation id="jnt_left_leg1-anim" name="jnt_left_leg1"><animation><source id="jnt_left_leg1-Matrix-animation-input"><float_array id="jnt_left_leg1-Matrix-animation-input-array" count="19">

0.000000 0.033333 0.066667 0.100000 0.133333 0.166667 0.200000 0.233333 0.266667 0.300000 0.333333 0.366667 0.400000 0.433333 0.466667 0.500000
0.533333 0.566667 0.600000</float_array><technique_common><accessor source="#jnt_left_leg1-Matrix-animation-input-array" count="19"><param name="TIME" type="float"/></accessor></technique_common></source><source id="jnt_left_leg1-Matrix-animation-output-transform"><float_array id="jnt_left_leg1-Matrix-animation-output-transform-array" count="304">

0.779831 0.362263 -0.510518 0.500157 -0.443080 0.895528 -0.041351 -0.457422 0.442203 0.258447 0.858872 0.000000 0.000000 0.000000 0.000000 1.000000
0.779831 0.362263 -0.510518 0.500157 -0.443080 0.895528 -0.041351 -0.457422 0.442203 0.258447 0.858872 0.000000 0.000000 0.000000 0.000000 1.000000
0.779831 0.362263 -0.510518 0.500157 -0.443080 0.895528 -0.041351 -0.457422 0.442203 0.258447 0.858872 0.000000 0.000000 0.000000 0.000000 1.000000
0.779831 0.362263 -0.510518 0.500157 -0.443080 0.895528 -0.041351 -0.457422 0.442203 0.258447 0.858872 0.000000 0.000000 0.000000 0.000000 1.000000
0.779831 0.362263 -0.510518 0.500157 -0.443080 0.895528 -0.041351 -0.457422 0.442203 0.258447 0.858872 0.000000 0.000000 0.000000 0.000000 1.000000
0.848385 -0.210462 -0.485745 0.500157 0.223851 0.974127 -0.031096 -0.457422 0.479722 -0.082353 0.873547 0.000000 0.000000 0.000000 0.000000 1.000000
0.855404 -0.177267 -0.486684 0.500157 0.185134 0.982181 -0.032349 -0.457422 0.483746 -0.062431 0.872979 0.000000 0.000000 0.000000 0.000000 1.000000
0.867580 -0.087249 -0.489585 0.500157 0.080218 0.996150 -0.035371 -0.457422 0.490786 -0.008586 0.871238 0.000000 0.000000 0.000000 0.000000 1.000000
0.868167 0.041444 -0.494539 0.500157 -0.069643 0.996820 -0.038721 -0.457422 0.491361 0.068057 0.868293 0.000000 0.000000 0.000000 0.000000 1.000000
0.846325 0.181243 -0.500883 0.500157 -0.232355 0.971768 -0.040970 -0.457422 0.479317 0.151057 0.864545 0.000000 0.000000 0.000000 0.000000 1.000000
0.806454 0.303885 -0.507234 0.500157 -0.375104 0.926049 -0.041583 -0.457422 0.457087 0.223800 0.860805 0.000000 0.000000 0.000000 0.000000 1.000000
0.763238 0.393647 -0.512357 0.500157 -0.479634 0.876507 -0.041065 -0.457422 0.432919 0.277086 0.857790 0.000000 0.000000 0.000000 0.000000 1.000000
0.730666 0.447489 -0.515636 0.500157 -0.542372 0.839172 -0.040283 -0.457422 0.414682 0.309100 0.855860 0.000000 0.000000 0.000000 0.000000 1.000000
0.718198 0.465951 -0.516799 0.500157 -0.563892 0.824883 -0.039921 -0.457422 0.407698 0.320090 0.855175 0.000000 0.000000 0.000000 0.000000 1.000000
0.724706 0.456444 -0.516198 0.500157 -0.552810 0.832341 -0.040114 -0.457422 0.411343 0.314430 0.855529 0.000000 0.000000 0.000000 0.000000 1.000000
0.740207 0.432622 -0.514715 0.500157 -0.525045 0.850109 -0.040539 -0.457422 0.420025 0.300255 0.856403 0.000000 0.000000 0.000000 0.000000 1.000000
0.758548 0.401978 -0.512854 0.500157 -0.489338 0.871131 -0.040970 -0.457422 0.430294 0.282036 0.857498 0.000000 0.000000 0.000000 0.000000 1.000000
0.773625 0.374375 -0.511221 0.500157 -0.457185 0.888414 -0.041255 -0.457422 0.438732 0.265638 0.858458 0.000000 0.000000 0.000000 0.000000 1.000000
0.779831 0.362263 -0.510518 0.500157 -0.443080 0.895528 -0.041351 -0.457422 0.442203 0.258447 0.858872 0.000000 0.000000 0.000000 0.000000 1.000000</float_array><technique_common><accessor source="#jnt_left_leg1-Matrix-animation-output-transform-array" count="19" stride="16"><param type="float4x4"/></accessor></technique_common></source><source id="jnt_left_leg1-Interpolations"><Name_array id="jnt_left_leg1-Interpolations-array" count="19">
 LINEAR LINEAR LINEAR LINEAR LINEAR LINEAR LINEAR LINEAR LINEAR LINEAR LINEAR
LINEAR LINEAR LINEAR LINEAR LINEAR LINEAR LINEAR LINEAR</Name_array><technique_common><accessor source="#jnt_left_leg1-Interpolations-array" count="19"><param type="name"/></accessor></technique_common></source><sampler id="jnt_left_leg1-Matrix-animation-transform"><input semantic="INPUT" source="#jnt_left_leg1-Matrix-animation-input"/><input semantic="OUTPUT" source="#jnt_left_leg1-Matrix-animation-output-transform"/><input semantic="INTERPOLATION" source="#jnt_left_leg1-Interpolations"/></sampler><channel source="#jnt_left_leg1-Matrix-animation-transform" target="jnt_left_leg1/matrix"/></animation></animation>
    <animation id="jnt_left_leg2-anim" name="jnt_left_leg2"><animation><source id="jnt_left_leg2-Matrix-animation-input"><float_array id="jnt_left_leg2-Matrix-animation-input-array" count="19">

0.000000 0.033333 0.066667 0.100000 0.133333 0.166667 0.200000 0.233333 0.266667 0.300000 0.333333 0.366667 0.400000 0.433333 0.466667 0.500000
0.533333 0.566667 0.600000</float_array><technique_common><accessor source="#jnt_left_leg2-Matrix-animation-input-array" count="19"><param name="TIME" type="float"/></accessor></technique_common></source><source id="jnt_left_leg2-Matrix-animation-output-transform"><float_array id="jnt_left_leg2-Matrix-animation-output-transform-array" count="304">

1.000000 0.000000 0.000000 0.572971 -0.000000 1.000000 0.000000 0.016592 -0.000000 -0.000000 1.000000 -0.000000 0.000000 0.000000 0.000000 1.000000
1.000000 0.000000 0.000000 0.572971 -0.000000 1.000000 0.000000 0.016592 -0.000000 -0.000000 1.000000 -0.000000 0.000000 0.000000 0.000000 1.000000
1.000000 0.000000 0.000000 0.572971 -0.000000 1.000000 0.000000 0.016592 -0.000000 -0.000000 1.000000 -0.000000 0.000000 0.000000 0.000000 1.000000
1.000000 0.000000 0.000000 0.572971 -0.000000 1.000000 0.000000 0.016592 -0.000000 -0.000000 1.000000 -0.000000 0.000000 0.000000 0.000000 1.000000
1.000000 0.000000 0.000000 0.572971 -0.000000 1.000000 0.000000 0.016592 -0.000000 -0.000000 1.000000 -0.000000 0.000000 0.000000 0.000000 1.000000
1.000000 -0.000000 -0.000000 0.572971 -0.000000 1.000000 0.000000 0.016592 -0.000000 0.000000 1.000000 -0.000000 0.000000 0.000000 0.000000 1.000000
1.000000 0.000000 -0.000000 0.572971 -0.000000 1.000000 0.000000 0.016592 0.000000 -0.000000 1.000000 -0.000000 0.000000 0.000000 0.000000 1.000000
1.000000 0.000000 0.000000 0.572971 0.000000 1.000000 -0.000000 0.016592 0.000000 0.000000 1.000000 -0.000000 0.000000 0.000000 0.000000 1.000000
1.000000 -0.000000 0.000000 0.572971 0.000000 1.000000 0.000000 0.016592 -0.000000 0.000000 1.000000 -0.000000 0.000000 0.000000 0.000000 1.000000
1.000000 0.000000 0.000000 0.572971 -0.000000 1.000000 0.000000 0.016592 -0.000000 0.000000 1.000000 -0.000000 0.000000 0.000000 0.000000 1.000000
1.000000 0.000000 0.000000 0.572971 0.000000 1.000000 0.000000 0.016592 0.000000 0.000000 1.000000 -0.000000 0.000000 0.000000 0.000000 1.000000
1.000000 0.000000 -0.000000 0.572971 0.000000 1.000000 -0.000000 0.016592 0.000000 0.000000 1.000000 -0.000000 0.000000 0.000000 0.000000 1.000000
1.000000 0.000000 0.000000 0.572971 0.000000 1.000000 -0.000000 0.016592 0.000000 -0.000000 1.000000 -0.000000 0.000000 0.000000 0.000000 1.000000
1.000000 -0.000000 0.000000 0.572971 0.000000 1.000000 0.000000 0.016592 0.000000 0.000000 1.000000 -0.000000 0.000000 0.000000 0.000000 1.000000
1.000000 -0.000000 0.000000 0.572971 0.000000 1.000000 -0.000000 0.016592 0.000000 0.000000 1.000000 -0.000000 0.000000 0.000000 0.000000 1.000000
1.000000 -0.000000 0.000000 0.572971 0.000000 1.000000 0.000000 0.016592 0.000000 -0.000000 1.000000 -0.000000 0.000000 0.000000 0.000000 1.000000
1.000000 0.000000 0.000000 0.572971 0.000000 1.000000 0.000000 0.016592 0.000000 0.000000 1.000000 -0.000000 0.000000 0.000000 0.000000 1.000000
1.000000 0.000000 -0.000000 0.572971 0.000000 1.000000 0.000000 0.016592 0.000000 0.000000 1.000000 -0.000000 0.000000 0.000000 0.000000 1.000000
1.000000 0.000000 0.000000 0.572971 -0.000000 1.000000 0.000000 0.016592 -0.000000 -0.000000 1.000000 -0.000000 0.000000 0.000000 0.000000 1.000000</float_array><technique_common><accessor source="#jnt_left_leg2-Matrix-animation-output-transform-array" count="19" stride="16"><param type="float4x4"/></accessor></technique_common></source><source id="jnt_left_leg2-Interpolations"><Name_array id="jnt_left_leg2-Interpolations-array" count="19">
 LINEAR LINEAR LINEAR LINEAR LINEAR LINEAR LINEAR LINEAR LINEAR LINEAR LINEAR
LINEAR LINEAR LINEAR LINEAR LINEAR LINEAR LINEAR LINEAR</Name_array><technique_common><accessor source="#jnt_left_leg2-Interpolations-array" count="19"><param type="name"/></accessor></technique_common></source><sampler id="jnt_left_leg2-Matrix-animation-transform"><input semantic="INPUT" source="#jnt_left_leg2-Matrix-animation-input"/><input semantic="OUTPUT" source="#jnt_left_leg2-Matrix-animation-output-transform"/><input semantic="INTERPOLATION" source="#jnt_left_leg2-Interpolations"/></sampler><channel source="#jnt_left_leg2-Matrix-animation-transform" target="jnt_left_leg2/matrix"/></animation></animation>
    <animation id="jnt_left_leg3-anim" name="jnt_left_leg3"><animation><source id="jnt_left_leg3-Matrix-animation-input"><float_array id="jnt_left_leg3-Matrix-animation-input-array" count="19">

0.000000 0.033333 0.066667 0.100000 0.133333 0.166667 0.200000 0.233333 0.266667 0.300000 0.333333 0.366667 0.400000 0.433333 0.466667 0.500000
0.533333 0.566667 0.600000</float_array><technique_common><accessor source="#jnt_left_leg3-Matrix-animation-input-array" count="19"><param name="TIME" type="float"/></accessor></technique_common></source><source id="jnt_left_leg3-Matrix-animation-output-transform"><float_array id="jnt_left_leg3-Matrix-animation-output-transform-array" count="304">

0.901784 0.428151 -0.058923 1.109408 -0.427931 0.903653 0.016933 -0.115050 0.060496 0.009945 0.998119 -0.000000 0.000000 0.000000 0.000000 1.000000
0.901784 0.428151 -0.058923 1.109408 -0.427931 0.903653 0.016933 -0.115050 0.060496 0.009945 0.998119 -0.000000 0.000000 0.000000 0.000000 1.000000
0.901784 0.428151 -0.058923 1.109408 -0.427931 0.903653 0.016933 -0.115050 0.060496 0.009945 0.998119 -0.000000 0.000000 0.000000 0.000000 1.000000
0.901784 0.428151 -0.058923 1.109408 -0.427931 0.903653 0.016933 -0.115050 0.060496 0.009945 0.998119 -0.000000 0.000000 0.000000 0.000000 1.000000
0.901784 0.428151 -0.058923 1.109408 -0.427931 0.903653 0.016933 -0.115050 0.060496 0.009945 0.998119 -0.000000 0.000000 0.000000 0.000000 1.000000
0.426278 0.902237 -0.065236 1.109408 -0.901860 0.429484 0.046808 -0.115050 0.070250 0.038880 0.996771 0.000000 0.000000 0.000000 0.000000 1.000000
0.461681 0.884607 -0.065730 1.109408 -0.884236 0.464847 0.045219 -0.115050 0.070555 0.037244 0.996812 0.000000 0.000000 0.000000 0.000000 1.000000
0.552764 0.830677 -0.066536 1.109408 -0.830322 0.555792 0.040756 -0.115050 0.070836 0.032718 0.996951 -0.000000 0.000000 0.000000 0.000000 1.000000
0.670948 0.738528 -0.066377 1.109408 -0.738203 0.673717 0.034097 -0.115050 0.069901 0.026123 0.997212 -0.000000 0.000000 0.000000 0.000000 1.000000
0.783327 0.618260 -0.064442 1.109408 -0.617976 0.785745 0.026648 -0.115050 0.067111 0.018950 0.997566 0.000000 0.000000 0.000000 0.000000 1.000000
0.867239 0.494127 -0.061112 1.109408 -0.493885 0.869296 0.020055 -0.115050 0.063034 0.012790 0.997929 -0.000000 0.000000 0.000000 0.000000 1.000000
0.918748 0.390626 -0.057565 1.109408 -0.390419 0.920511 0.015267 -0.115050 0.058952 0.008448 0.998225 -0.000000 0.000000 0.000000 0.000000 1.000000
0.944961 0.322542 -0.054909 1.109408 -0.322357 0.946536 0.012437 -0.115050 0.055985 0.005948 0.998414 0.000000 0.000000 0.000000 0.000000 1.000000
0.953036 0.298025 -0.053895 1.109408 -0.297847 0.954545 0.011478 -0.115050 0.054866 0.005114 0.998481 0.000000 0.000000 0.000000 0.000000 1.000000
0.948939 0.310729 -0.054424 1.109408 -0.310547 0.950483 0.011971 -0.115050 0.055449 0.005542 0.998446 -0.000000 0.000000 0.000000 0.000000 1.000000
0.938108 0.341836 -0.055686 1.109408 -0.341645 0.939736 0.013214 -0.115050 0.056847 0.006629 0.998361 0.000000 0.000000 0.000000 0.000000 1.000000
0.923049 0.380408 -0.057182 1.109408 -0.380204 0.924784 0.014826 -0.115050 0.058521 0.008056 0.998254 -0.000000 0.000000 0.000000 0.000000 1.000000
0.908470 0.413848 -0.058414 1.109408 -0.413633 0.910298 0.016289 -0.115050 0.059915 0.009364 0.998160 0.000000 0.000000 0.000000 0.000000 1.000000
0.901784 0.428151 -0.058923 1.109408 -0.427931 0.903653 0.016933 -0.115050 0.060496 0.009945 0.998119 -0.000000 0.000000 0.000000 0.000000 1.000000</float_array><technique_common><accessor source="#jnt_left_leg3-Matrix-animation-output-transform-array" count="19" stride="16"><param type="float4x4"/></accessor></technique_common></source><source id="jnt_left_leg3-Interpolations"><Name_array id="jnt_left_leg3-Interpolations-array" count="19">
 LINEAR LINEAR LINEAR LINEAR LINEAR LINEAR LINEAR LINEAR LINEAR LINEAR LINEAR
LINEAR LINEAR LINEAR LINEAR LINEAR LINEAR LINEAR LINEAR</Name_array><technique_common><accessor source="#jnt_left_leg3-Interpolations-array" count="19"><param type="name"/></accessor></technique_common></source><sampler id="jnt_left_leg3-Matrix-animation-transform"><input semantic="INPUT" source="#jnt_left_leg3-Matrix-animation-input"/><input semantic="OUTPUT" source="#jnt_left_leg3-Matrix-animation-output-transform"/><input semantic="INTERPOLATION" source="#jnt_left_leg3-Interpolations"/></sampler><channel source="#jnt_left_leg3-Matrix-animation-transform" target="jnt_left_leg3/matrix"/></animation></animation>
    <animation id="jnt_left_truster1-anim" name="jnt_left_truster1"><animation><source id="jnt_left_truster1-Matrix-animation-input"><float_array id="jnt_left_truster1-Matrix-animation-input-array" count="19">

0.000000 0.033333 0.066667 0.100000 0.133333 0.166667 0.200000 0.233333 0.266667 0.300000 0.333333 0.366667 0.400000 0.433333 0.466667 0.500000
0.533333 0.566667 0.600000</float_array><technique_common><accessor source="#jnt_left_truster1-Matrix-animation-input-array" count="19"><param name="TIME" type="float"/></accessor></technique_common></source><source id="jnt_left_truster1-Matrix-animation-output-transform"><float_array id="jnt_left_truster1-Matrix-animation-output-transform-array" count="304">

0.818150 -0.575005 0.000000 0.942482 0.575005 0.818150 -0.000000 0.339466 0.000000 0.000000 1.000000 0.000187 0.000000 0.000000 0.000000 1.000000
0.818150 -0.575005 0.000000 0.942482 0.575005 0.818150 -0.000000 0.339466 0.000000 0.000000 1.000000 0.000187 0.000000 0.000000 0.000000 1.000000
0.818150 -0.575005 0.000000 0.942482 0.575005 0.818150 -0.000000 0.339466 0.000000 0.000000 1.000000 0.000187 0.000000 0.000000 0.000000 1.000000
0.818150 -0.575005 0.000000 0.942482 0.575005 0.818150 -0.000000 0.339466 0.000000 0.000000 1.000000 0.000187 0.000000 0.000000 0.000000 1.000000
0.818150 -0.575005 0.000000 0.942482 0.575005 0.818150 -0.000000 0.339466 0.000000 0.000000 1.000000 0.000187 0.000000 0.000000 0.000000 1.000000
0.649448 -0.760406 -0.000000 0.942482 0.760406 0.649448 -0.000000 0.339466 -0.000000 0.000000 1.000000 0.000187 0.000000 0.000000 0.000000 1.000000
0.439939 -0.898028 0.000000 0.942482 0.898028 0.439939 -0.000000 0.339466 0.000000 -0.000000 1.000000 0.000187 0.000000 0.000000 0.000000 1.000000
0.509041 -0.860742 0.000000 0.942482 0.860742 0.509041 0.000000 0.339466 0.000000 0.000000 1.000000 0.000187 0.000000 0.000000 0.000000 1.000000
0.649448 -0.760406 -0.000000 0.942482 0.760406 0.649448 -0.000000 0.339466 -0.000000 0.000000 1.000000 0.000187 0.000000 0.000000 0.000000 1.000000
0.770513 -0.637424 0.000000 0.942482 0.637424 0.770513 -0.000000 0.339466 0.000000 0.000000 1.000000 0.000187 0.000000 0.000000 0.000000 1.000000
0.818150 -0.575005 -0.000000 0.942482 0.575005 0.818150 0.000000 0.339466 -0.000000 0.000000 1.000000 0.000187 0.000000 0.000000 0.000000 1.000000
0.818150 -0.575005 0.000000 0.942482 0.575005 0.818150 -0.000000 0.339466 0.000000 0.000000 1.000000 0.000187 0.000000 0.000000 0.000000 1.000000
0.818150 -0.575005 0.000000 0.942482 0.575005 0.818150 0.000000 0.339466 0.000000 0.000000 1.000000 0.000187 0.000000 0.000000 0.000000 1.000000
0.818150 -0.575005 0.000000 0.942482 0.575005 0.818150 -0.000000 0.339466 -0.000000 -0.000000 1.000000 0.000187 0.000000 0.000000 0.000000 1.000000
0.818150 -0.575005 0.000000 0.942482 0.575005 0.818150 -0.000000 0.339466 -0.000000 0.000000 1.000000 0.000187 0.000000 0.000000 0.000000 1.000000
0.818150 -0.575005 -0.000000 0.942482 0.575005 0.818150 0.000000 0.339466 0.000000 -0.000000 1.000000 0.000187 0.000000 0.000000 0.000000 1.000000
0.818150 -0.575005 0.000000 0.942482 0.575005 0.818150 0.000000 0.339466 -0.000000 0.000000 1.000000 0.000187 0.000000 0.000000 0.000000 1.000000
0.818150 -0.575005 -0.000000 0.942482 0.575005 0.818150 -0.000000 0.339466 -0.000000 0.000000 1.000000 0.000187 0.000000 0.000000 0.000000 1.000000
0.818150 -0.575005 0.000000 0.942482 0.575005 0.818150 -0.000000 0.339466 0.000000 0.000000 1.000000 0.000187 0.000000 0.000000 0.000000 1.000000</float_array><technique_common><accessor source="#jnt_left_truster1-Matrix-animation-output-transform-array" count="19" stride="16"><param type="float4x4"/></accessor></technique_common></source><source id="jnt_left_truster1-Interpolations"><Name_array id="jnt_left_truster1-Interpolations-array" count="19">
 LINEAR LINEAR LINEAR LINEAR LINEAR LINEAR LINEAR LINEAR LINEAR LINEAR LINEAR
LINEAR LINEAR LINEAR LINEAR LINEAR LINEAR LINEAR LINEAR</Name_array><technique_common><accessor source="#jnt_left_truster1-Interpolations-array" count="19"><param type="name"/></accessor></technique_common></source><sampler id="jnt_left_truster1-Matrix-animation-transform"><input semantic="INPUT" source="#jnt_left_truster1-Matrix-animation-input"/><input semantic="OUTPUT" source="#jnt_left_truster1-Matrix-animation-output-transform"/><input semantic="INTERPOLATION" source="#jnt_left_truster1-Interpolations"/></sampler><channel source="#jnt_left_truster1-Matrix-animation-transform" target="jnt_left_truster1/matrix"/></animation></animation>
    <animation id="jnt_left_truster2-anim" name="jnt_left_truster2"><animation><source id="jnt_left_truster2-Matrix-animation-input"><float_array id="jnt_left_truster2-Matrix-animation-input-array" count="19">

0.000000 0.033333 0.066667 0.100000 0.133333 0.166667 0.200000 0.233333 0.266667 0.300000 0.333333 0.366667 0.400000 0.433333 0.466667 0.500000
0.533333 0.566667 0.600000</float_array><technique_common><accessor source="#jnt_left_truster2-Matrix-animation-input-array" count="19"><param name="TIME" type="float"/></accessor></technique_common></source><source id="jnt_left_truster2-Matrix-animation-output-transform"><float_array id="jnt_left_truster2-Matrix-animation-output-transform-array" count="304">

0.818150 -0.000000 -0.575005 0.942482 0.000000 1.000000 0.000000 -0.000000 0.575005 0.000000 0.818150 0.288533 0.000000 0.000000 0.000000 1.000000
0.818150 -0.000000 -0.575005 0.942482 0.000000 1.000000 0.000000 -0.000000 0.575005 0.000000 0.818150 0.288533 0.000000 0.000000 0.000000 1.000000
0.818150 -0.000000 -0.575005 0.942482 0.000000 1.000000 0.000000 -0.000000 0.575005 0.000000 0.818150 0.288533 0.000000 0.000000 0.000000 1.000000
0.818150 -0.000000 -0.575005 0.942482 0.000000 1.000000 0.000000 -0.000000 0.575005 0.000000 0.818150 0.288533 0.000000 0.000000 0.000000 1.000000
0.818150 -0.000000 -0.575005 0.942482 0.000000 1.000000 0.000000 -0.000000 0.575005 0.000000 0.818150 0.288533 0.000000 0.000000 0.000000 1.000000
0.649448 -0.000000 -0.760406 0.942482 0.000000 1.000000 0.000000 -0.000000 0.760406 0.000000 0.649448 0.288533 0.000000 0.000000 0.000000 1.000000
0.439939 0.000000 -0.898028 0.942482 0.000000 1.000000 0.000000 -0.000000 0.898028 0.000000 0.439939 0.288533 0.000000 0.000000 0.000000 1.000000
0.509041 -0.000000 -0.860742 0.942482 0.000000 1.000000 0.000000 -0.000000 0.860742 0.000000 0.509041 0.288533 0.000000 0.000000 0.000000 1.000000
0.649448 0.000000 -0.760406 0.942482 0.000000 1.000000 -0.000000 -0.000000 0.760406 -0.000000 0.649448 0.288533 0.000000 0.000000 0.000000 1.000000
0.770513 0.000000 -0.637424 0.942482 0.000000 1.000000 -0.000000 -0.000000 0.637424 0.000000 0.770513 0.288533 0.000000 0.000000 0.000000 1.000000
0.818150 -0.000000 -0.575005 0.942482 -0.000000 1.000000 0.000000 -0.000000 0.575005 0.000000 0.818150 0.288533 0.000000 0.000000 0.000000 1.000000
0.818150 -0.000000 -0.575005 0.942482 -0.000000 1.000000 -0.000000 -0.000000 0.575005 0.000000 0.818150 0.288533 0.000000 0.000000 0.000000 1.000000
0.818150 -0.000000 -0.575005 0.942482 0.000000 1.000000 0.000000 -0.000000 0.575005 0.000000 0.818150 0.288533 0.000000 0.000000 0.000000 1.000000
0.818150 0.000000 -0.575005 0.942482 0.000000 1.000000 -0.000000 -0.000000 0.575005 -0.000000 0.818150 0.288533 0.000000 0.000000 0.000000 1.000000
0.818150 0.000000 -0.575005 0.942482 0.000000 1.000000 -0.000000 -0.000000 0.575005 -0.000000 0.818150 0.288533 0.000000 0.000000 0.000000 1.000000
0.818150 0.000000 -0.575005 0.942482 0.000000 1.000000 0.000000 -0.000000 0.575005 -0.000000 0.818150 0.288533 0.000000 0.000000 0.000000 1.000000
0.818150 -0.000000 -0.575005 0.942482 0.000000 1.000000 0.000000 -0.000000 0.575005 0.000000 0.818150 0.288533 0.000000 0.000000 0.000000 1.000000
0.818150 0.000000 -0.575005 0.942482 -0.000000 1.000000 0.000000 -0.000000 0.575005 -0.000000 0.818150 0.288533 0.000000 0.000000 0.000000 1.000000
0.818150 -0.000000 -0.575005 0.942482 0.000000 1.000000 0.000000 -0.000000 0.575005 0.000000 0.818150 0.288533 0.000000 0.000000 0.000000 1.000000</float_array><technique_common><accessor source="#jnt_left_truster2-Matrix-animation-output-transform-array" count="19" stride="16"><param type="float4x4"/></accessor></technique_common></source><source id="jnt_left_truster2-Interpolations"><Name_array id="jnt_left_truster2-Interpolations-array" count="19">
 LINEAR LINEAR LINEAR LINEAR LINEAR LINEAR LINEAR LINEAR LINEAR LINEAR LINEAR
LINEAR LINEAR LINEAR LINEAR LINEAR LINEAR LINEAR LINEAR</Name_array><technique_common><accessor source="#jnt_left_truster2-Interpolations-array" count="19"><param type="name"/></accessor></technique_common></source><sampler id="jnt_left_truster2-Matrix-animation-transform"><input semantic="INPUT" source="#jnt_left_truster2-Matrix-animation-input"/><input semantic="OUTPUT" source="#jnt_left_truster2-Matrix-animation-output-transform"/><input semantic="INTERPOLATION" source="#jnt_left_truster2-Interpolations"/></sampler><channel source="#jnt_left_truster2-Matrix-animation-transform" target="jnt_left_truster2/matrix"/></animation></animation>
    <animation id="jnt_left_truster3-anim" name="jnt_left_truster3"><animation><source id="jnt_left_truster3-Matrix-animation-input"><float_array id="jnt_left_truster3-Matrix-animation-input-array" count="19">

0.000000 0.033333 0.066667 0.100000 0.133333 0.166667 0.200000 0.233333 0.266667 0.300000 0.333333 0.366667 0.400000 0.433333 0.466667 0.500000
0.533333 0.566667 0.600000</float_array><technique_common><accessor source="#jnt_left_truster3-Matrix-animation-input-array" count="19"><param name="TIME" type="float"/></accessor></technique_common></source><source id="jnt_left_truster3-Matrix-animation-output-transform"><float_array id="jnt_left_truster3-Matrix-animation-output-transform-array" count="304">

0.818150 -0.000000 0.575005 0.942482 -0.000000 1.000000 -0.000000 -0.000000 -0.575005 0.000000 0.818150 -0.288158 0.000000 0.000000 0.000000 1.000000
0.818150 -0.000000 0.575005 0.942482 -0.000000 1.000000 -0.000000 -0.000000 -0.575005 0.000000 0.818150 -0.288158 0.000000 0.000000 0.000000 1.000000
0.818150 -0.000000 0.575005 0.942482 -0.000000 1.000000 -0.000000 -0.000000 -0.575005 0.000000 0.818150 -0.288158 0.000000 0.000000 0.000000 1.000000
0.818150 -0.000000 0.575005 0.942482 -0.000000 1.000000 -0.000000 -0.000000 -0.575005 0.000000 0.818150 -0.288158 0.000000 0.000000 0.000000 1.000000
0.818150 -0.000000 0.575005 0.942482 -0.000000 1.000000 -0.000000 -0.000000 -0.575005 0.000000 0.818150 -0.288158 0.000000 0.000000 0.000000 1.000000
0.649448 -0.000000 0.760406 0.942482 0.000000 1.000000 0.000000 -0.000000 -0.760406 0.000000 0.649448 -0.288158 0.000000 0.000000 0.000000 1.000000
0.439939 -0.000000 0.898028 0.942482 0.000000 1.000000 -0.000000 -0.000000 -0.898028 0.000000 0.439939 -0.288158 0.000000 0.000000 0.000000 1.000000
0.509041 -0.000000 0.860742 0.942482 -0.000000 1.000000 0.000000 -0.000000 -0.860742 0.000000 0.509041 -0.288158 0.000000 0.000000 0.000000 1.000000
0.649448 0.000000 0.760406 0.942482 0.000000 1.000000 -0.000000 -0.000000 -0.760406 -0.000000 0.649448 -0.288158 0.000000 0.000000 0.000000 1.000000
0.770513 0.000000 0.637424 0.942482 0.000000 1.000000 0.000000 -0.000000 -0.637424 0.000000 0.770513 -0.288158 0.000000 0.000000 0.000000 1.000000
0.818150 -0.000000 0.575005 0.942482 -0.000000 1.000000 0.000000 -0.000000 -0.575005 0.000000 0.818150 -0.288158 0.000000 0.000000 0.000000 1.000000
0.818150 -0.000000 0.575005 0.942482 -0.000000 1.000000 0.000000 -0.000000 -0.575005 0.000000 0.818150 -0.288158 0.000000 0.000000 0.000000 1.000000
0.818150 -0.000000 0.575005 0.942482 -0.000000 1.000000 0.000000 -0.000000 -0.575005 0.000000 0.818150 -0.288158 0.000000 0.000000 0.000000 1.000000
0.818150 0.000000 0.575005 0.942482 0.000000 1.000000 0.000000 -0.000000 -0.575005 -0.000000 0.818150 -0.288158 0.000000 0.000000 0.000000 1.000000
0.818150 0.000000 0.575005 0.942482 0.000000 1.000000 -0.000000 -0.000000 -0.575005 -0.000000 0.818150 -0.288158 0.000000 0.000000 0.000000 1.000000
0.818150 0.000000 0.575005 0.942482 -0.000000 1.000000 0.000000 -0.000000 -0.575005 0.000000 0.818150 -0.288158 0.000000 0.000000 0.000000 1.000000
0.818150 -0.000000 0.575005 0.942482 -0.000000 1.000000 0.000000 -0.000000 -0.575005 0.000000 0.818150 -0.288158 0.000000 0.000000 0.000000 1.000000
0.818150 0.000000 0.575005 0.942482 -0.000000 1.000000 0.000000 -0.000000 -0.575005 0.000000 0.818150 -0.288158 0.000000 0.000000 0.000000 1.000000
