<?xml version="1.0" encoding="utf-8"?>
<COLLADA xmlns="http://www.collada.org/2005/11/COLLADASchema" version="1.4.1">
  <asset><contributor><author></author><authoring_tool>FBX COLLADA exporter</authoring_tool><comments></comments></contributor><created>2018-04-19T10:14:05Z</created><keywords></keywords><modified>2018-04-19T10:14:05Z</modified><revision></revision><subject></subject><title></title><unit meter="0.010000" name="centimeter"></unit><up_axis>Y_UP</up_axis></asset>
  <library_animations>
    <animation id="jnt_hips-anim" name="jnt_hips"><animation><source id="jnt_hips-Matrix-animation-input"><float_array id="jnt_hips-Matrix-animation-input-array" count="15">

0.000000 0.033333 0.066667 0.100000 0.133333 0.166667 0.200000 0.233333 0.266667 0.300000 0.333333 0.366667 0.400000 0.433333 0.466667</float_array><technique_common><accessor source="#jnt_hips-Matrix-animation-input-array" count="15"><param name="TIME" type="float"/></accessor></technique_common></source><source id="jnt_hips-Matrix-animation-output-transform"><float_array id="jnt_hips-Matrix-animation-output-transform-array" count="240">

0.962594 0.027123 -0.269587 0.056381 -0.108832 0.949888 -0.293033 1.872556 0.248130 0.311411 0.917308 -0.004832 0.000000 0.000000 0.000000 1.000000
0.923581 0.027633 -0.382406 0.069115 -0.152532 0.941553 -0.300354 1.774998 0.351756 0.335730 0.873815 -0.000257 0.000000 0.000000 0.000000 1.000000
0.893559 0.039482 -0.447207 0.058016 -0.194537 0.931800 -0.306436 1.649996 0.404609 0.360817 0.840299 0.002255 0.000000 0.000000 0.000000 1.000000
0.912170 0.012534 -0.409620 0.057772 -0.164411 0.926760 -0.337764 1.717969 0.375386 0.375444 0.847424 0.006613 0.000000 0.000000 0.000000 1.000000
0.959300 -0.031959 -0.280573 0.029623 -0.076509 0.926998 -0.367181 1.865439 0.271825 0.373703 0.886824 0.003407 0.000000 0.000000 0.000000 1.000000
0.990087 -0.049110 -0.131591 -0.018684 -0.002559 0.930419 -0.366490 1.988673 0.140433 0.363193 0.921070 0.000764 0.000000 0.000000 0.000000 1.000000
0.999464 -0.032599 -0.003028 -0.035953 0.029380 0.933866 -0.356415 2.001622 0.014447 0.356135 0.934323 -0.000591 0.000000 0.000000 0.000000 1.000000
0.992720 -0.011636 0.119884 -0.042885 0.054250 0.931843 -0.358784 1.882536 -0.107538 0.362676 0.925690 0.000506 0.000000 0.000000 0.000000 1.000000
0.975016 -0.001676 0.222127 -0.038677 0.086524 0.923859 -0.372824 1.717467 -0.204589 0.382729 0.900923 0.004114 0.000000 0.000000 0.000000 1.000000
0.971188 0.010802 0.238070 -0.028332 0.084239 0.918921 -0.385342 1.623126 -0.222930 0.394294 0.891535 0.006414 0.000000 0.000000 0.000000 1.000000
0.989413 0.032231 0.141503 -0.011697 0.023607 0.926296 -0.376056 1.706080 -0.143194 0.375415 0.915729 0.004023 0.000000 0.000000 0.000000 1.000000
0.999171 0.040675 0.001949 0.026722 -0.037648 0.940925 -0.336517 1.858019 -0.015522 0.336164 0.941676 -0.000584 0.000000 0.000000 0.000000 1.000000
0.994583 0.023729 -0.101198 0.052813 -0.053190 0.952652 -0.299373 1.958706 0.089303 0.303134 0.948754 -0.003839 0.000000 0.000000 0.000000 1.000000
0.984996 0.003897 -0.172536 0.057427 -0.053354 0.957645 -0.282967 1.971427 0.164126 0.287926 0.943484 -0.005005 0.000000 0.000000 0.000000 1.000000
0.962594 0.027123 -0.269587 0.055722 -0.108832 0.949888 -0.293033 1.872556 0.248130 0.311411 0.917308 -0.004832 0.000000 0.000000 0.000000 1.000000</float_array><technique_common><accessor source="#jnt_hips-Matrix-animation-output-transform-array" count="15" stride="16"><param type="float4x4"/></accessor></technique_common></source><source id="jnt_hips-Interpolations"><Name_array id="jnt_hips-Interpolations-array" count="15">
 LINEAR LINEAR LINEAR LINEAR LINEAR LINEAR LINEAR LINEAR LINEAR LINEAR LINEAR
LINEAR LINEAR LINEAR LINEAR</Name_array><technique_common><accessor source="#jnt_hips-Interpolations-array" count="15"><param type="name"/></accessor></technique_common></source><sampler id="jnt_hips-Matrix-animation-transform"><input semantic="INPUT" source="#jnt_hips-Matrix-animation-input"/><input semantic="OUTPUT" source="#jnt_hips-Matrix-animation-output-transform"/><input semantic="INTERPOLATION" source="#jnt_hips-Interpolations"/></sampler><channel source="#jnt_hips-Matrix-animation-transform" target="jnt_hips/matrix"/></animation></animation>
    <animation id="jnt_right_upleg-anim" name="jnt_right_upleg"><animation><source id="jnt_right_upleg-Matrix-animation-input"><float_array id="jnt_right_upleg-Matrix-animation-input-array" count="15">

0.000000 0.033333 0.066667 0.100000 0.133333 0.166667 0.200000 0.233333 0.266667 0.300000 0.333333 0.366667 0.400000 0.433333 0.466667</float_array><technique_common><accessor source="#jnt_right_upleg-Matrix-animation-input-array" count="15"><param name="TIME" type="float"/></accessor></technique_common></source><source id="jnt_right_upleg-Matrix-animation-output-transform"><float_array id="jnt_right_upleg-Matrix-animation-output-transform-array" count="240">

0.089849 -0.367172 -0.925803 -0.446780 -0.507773 0.782789 -0.359733 -0.111214 0.856793 0.502419 -0.116107 0.043020 0.000000 0.000000 0.000000 1.000000
0.083830 -0.508416 -0.857021 -0.446780 -0.516447 0.713361 -0.473708 -0.111214 0.852206 0.482317 -0.202769 0.043020 0.000000 0.000000 0.000000 1.000000
0.055528 -0.441323 -0.895629 -0.446779 -0.696043 0.626009 -0.351621 -0.111214 0.715850 0.642920 -0.272419 0.043020 0.000000 0.000000 0.000000 1.000000
-0.057440 -0.364839 -0.929297 -0.446779 -0.894471 0.432241 -0.114408 -0.111214 0.443421 0.824658 -0.351166 0.043020 0.000000 0.000000 0.000000 1.000000
-0.146497 -0.372621 -0.916347 -0.446780 -0.985850 0.131298 0.104218 -0.111214 0.081481 0.918648 -0.386583 0.043020 0.000000 0.000000 0.000000 1.000000
-0.100765 -0.328696 -0.939045 -0.446780 -0.986165 -0.091874 0.137981 -0.111214 -0.131628 0.939956 -0.314891 0.043020 0.000000 0.000000 0.000000 1.000000
0.003837 -0.333835 -0.942624 -0.446780 -0.982443 -0.177083 0.058716 -0.111214 -0.186525 0.925849 -0.328653 0.043020 0.000000 0.000000 0.000000 1.000000
0.023770 -0.541551 -0.840332 -0.446780 -0.983299 -0.164376 0.078119 -0.111214 -0.180436 0.824441 -0.536414 0.043020 0.000000 0.000000 0.000000 1.000000
-0.098876 -0.770453 -0.629782 -0.446780 -0.994092 0.047995 0.097357 -0.111215 -0.044782 0.635688 -0.770646 0.043020 0.000000 0.000000 0.000000 1.000000
-0.136721 -0.852789 -0.504041 -0.446780 -0.971451 0.215010 -0.100271 -0.111214 0.193884 0.475942 -0.857839 0.043020 0.000000 0.000000 0.000000 1.000000
-0.224785 -0.689955 -0.688065 -0.446780 -0.795731 0.537533 -0.279051 -0.111215 0.562391 0.484789 -0.669848 0.043020 0.000000 0.000000 0.000000 1.000000
-0.241073 -0.462218 -0.853369 -0.446780 -0.434312 0.837722 -0.331052 -0.111214 0.867904 0.290820 -0.402698 0.043020 0.000000 0.000000 0.000000 1.000000
-0.026388 -0.257770 -0.965846 -0.446780 -0.166139 0.953876 -0.250037 -0.111214 0.985749 0.153867 -0.067997 0.043020 0.000000 0.000000 0.000000 1.000000
0.056719 -0.159961 -0.985493 -0.446780 -0.425398 0.889124 -0.168802 -0.111214 0.903227 0.428801 -0.017617 0.043020 0.000000 0.000000 0.000000 1.000000
0.089851 -0.367172 -0.925803 -0.446780 -0.507774 0.782789 -0.359733 -0.111214 0.856792 0.502421 -0.116106 0.043020 0.000000 0.000000 0.000000 1.000000</float_array><technique_common><accessor source="#jnt_right_upleg-Matrix-animation-output-transform-array" count="15" stride="16"><param type="float4x4"/></accessor></technique_common></source><source id="jnt_right_upleg-Interpolations"><Name_array id="jnt_right_upleg-Interpolations-array" count="15">
 LINEAR LINEAR LINEAR LINEAR LINEAR LINEAR LINEAR LINEAR LINEAR LINEAR LINEAR
LINEAR LINEAR LINEAR LINEAR</Name_array><technique_common><accessor source="#jnt_right_upleg-Interpolations-array" count="15"><param type="name"/></accessor></technique_common></source><sampler id="jnt_right_upleg-Matrix-animation-transform"><input semantic="INPUT" source="#jnt_right_upleg-Matrix-animation-input"/><input semantic="OUTPUT" source="#jnt_right_upleg-Matrix-animation-output-transform"/><input semantic="INTERPOLATION" source="#jnt_right_upleg-Interpolations"/></sampler><channel source="#jnt_right_upleg-Matrix-animation-transform" target="jnt_right_upleg/matrix"/></animation></animation>
    <animation id="jnt_right_uplegroll-anim" name="jnt_right_uplegroll"><animation><source id="jnt_right_uplegroll-Matrix-animation-input"><float_array id="jnt_right_uplegroll-Matrix-animation-input-array" count="15">

0.000000 0.033333 0.066667 0.100000 0.133333 0.166667 0.200000 0.233333 0.266667 0.300000 0.333333 0.366667 0.400000 0.433333 0.466667</float_array><technique_common><accessor source="#jnt_right_uplegroll-Matrix-animation-input-array" count="15"><param name="TIME" type="float"/></accessor></technique_common></source><source id="jnt_right_uplegroll-Matrix-animation-output-transform"><float_array id="jnt_right_uplegroll-Matrix-animation-output-transform-array" count="240">

1.000000 0.000000 -0.000000 0.430000 0.000000 1.000000 -0.000000 0.000000 -0.000000 0.000000 1.000000 0.000000 0.000000 0.000000 0.000000 1.000000
1.000000 -0.000000 -0.000000 0.430000 -0.000000 1.000000 0.000000 0.000000 0.000000 -0.000000 1.000000 0.000000 0.000000 0.000000 0.000000 1.000000
1.000000 -0.000000 0.000000 0.430000 -0.000000 1.000000 -0.000000 0.000000 0.000000 0.000000 1.000000 0.000000 0.000000 0.000000 0.000000 1.000000
1.000000 -0.000000 0.000000 0.430001 -0.000000 1.000000 0.000000 0.000000 0.000000 0.000000 1.000000 0.000000 0.000000 0.000000 0.000000 1.000000
1.000000 0.000000 0.000000 0.430000 -0.000000 1.000000 0.000000 0.000000 0.000000 -0.000000 1.000000 0.000000 0.000000 0.000000 0.000000 1.000000
1.000000 0.000000 -0.000000 0.430000 0.000000 1.000000 0.000000 0.000000 -0.000000 0.000000 1.000000 0.000000 0.000000 0.000000 0.000000 1.000000
1.000000 0.000000 -0.000000 0.430000 -0.000000 1.000000 0.000000 0.000000 0.000000 -0.000000 1.000000 0.000000 0.000000 0.000000 0.000000 1.000000
1.000000 0.000000 -0.000000 0.430000 0.000000 1.000000 0.000000 -0.000000 -0.000000 -0.000000 1.000000 0.000000 0.000000 0.000000 0.000000 1.000000
1.000000 0.000000 -0.000000 0.430000 -0.000000 1.000000 0.000000 -0.000000 0.000000 0.000000 1.000000 0.000000 0.000000 0.000000 0.000000 1.000000
1.000000 0.000000 0.000000 0.430000 0.000000 1.000000 -0.000000 -0.000000 0.000000 0.000000 1.000000 0.000000 0.000000 0.000000 0.000000 1.000000
1.000000 0.000000 -0.000000 0.430000 0.000000 1.000000 -0.000000 0.000000 -0.000000 -0.000000 1.000000 0.000000 0.000000 0.000000 0.000000 1.000000
1.000000 -0.000000 0.000000 0.430000 0.000000 1.000000 0.000000 0.000000 -0.000000 -0.000000 1.000000 0.000000 0.000000 0.000000 0.000000 1.000000
1.000000 0.000000 0.000000 0.430000 0.000000 1.000000 -0.000000 0.000000 -0.000000 0.000000 1.000000 0.000000 0.000000 0.000000 0.000000 1.000000
1.000000 -0.000000 0.000000 0.430000 0.000000 1.000000 0.000000 0.000000 0.000000 0.000000 1.000000 0.000000 0.000000 0.000000 0.000000 1.000000
1.000000 0.000000 0.000000 0.430000 -0.000000 1.000000 0.000000 0.000000 0.000000 0.000000 1.000000 0.000000 0.000000 0.000000 0.000000 1.000000</float_array><technique_common><accessor source="#jnt_right_uplegroll-Matrix-animation-output-transform-array" count="15" stride="16"><param type="float4x4"/></accessor></technique_common></source><source id="jnt_right_uplegroll-Interpolations"><Name_array id="jnt_right_uplegroll-Interpolations-array" count="15">
 LINEAR LINEAR LINEAR LINEAR LINEAR LINEAR LINEAR LINEAR LINEAR LINEAR LINEAR
LINEAR LINEAR LINEAR LINEAR</Name_array><technique_common><accessor source="#jnt_right_uplegroll-Interpolations-array" count="15"><param type="name"/></accessor></technique_common></source><sampler id="jnt_right_uplegroll-Matrix-animation-transform"><input semantic="INPUT" source="#jnt_right_uplegroll-Matrix-animation-input"/><input semantic="OUTPUT" source="#jnt_right_uplegroll-Matrix-animation-output-transform"/><input semantic="INTERPOLATION" source="#jnt_right_uplegroll-Interpolations"/></sampler><channel source="#jnt_right_uplegroll-Matrix-animation-transform" target="jnt_right_uplegroll/matrix"/></animation></animation>
    <animation id="jnt_right_leg-anim" name="jnt_right_leg"><animation><source id="jnt_right_leg-Matrix-animation-input"><float_array id="jnt_right_leg-Matrix-animation-input-array" count="15">

0.000000 0.033333 0.066667 0.100000 0.133333 0.166667 0.200000 0.233333 0.266667 0.300000 0.333333 0.366667 0.400000 0.433333 0.466667</float_array><technique_common><accessor source="#jnt_right_leg-Matrix-animation-input-array" count="15"><param name="TIME" type="float"/></accessor></technique_common></source><source id="jnt_right_leg-Matrix-animation-output-transform"><float_array id="jnt_right_leg-Matrix-animation-output-transform-array" count="240">

0.723213 0.686316 0.077027 0.860324 -0.689928 0.722984 0.035948 -0.000000 -0.031018 -0.079141 0.996381 0.000000 0.000000 0.000000 0.000000 1.000000
0.275492 0.957949 0.080243 0.860324 -0.961134 0.276047 0.004306 -0.000000 -0.018026 -0.078310 0.996766 0.000000 0.000000 0.000000 0.000000 1.000000
0.061349 0.991248 0.116896 0.860324 -0.998088 0.060047 0.014629 -0.000000 0.007482 -0.117570 0.993036 0.000000 0.000000 0.000000 0.000000 1.000000
0.178589 0.969126 0.170005 0.860324 -0.983719 0.172343 0.050935 -0.000000 0.020063 -0.176333 0.984126 0.000000 0.000000 0.000000 0.000000 1.000000
0.486923 0.862288 0.139162 0.860324 -0.873222 0.476980 0.099868 -0.000000 0.019737 -0.170147 0.985221 0.000000 0.000000 0.000000 0.000000 1.000000
0.527048 0.846135 0.079223 0.860324 -0.848445 0.518563 0.105990 0.000000 0.048600 -0.123078 0.991206 0.000000 0.000000 0.000000 0.000000 1.000000
0.306676 0.948059 0.084467 0.860324 -0.948901 0.297593 0.105002 0.000000 0.074412 -0.112353 0.990878 0.000000 0.000000 0.000000 0.000000 1.000000
-0.104525 0.985350 0.134761 0.860324 -0.990993 -0.114598 0.069278 -0.000000 0.083707 -0.126306 0.988453 -0.000000 0.000000 0.000000 0.000000 1.000000
-0.459305 0.875480 0.150244 0.860324 -0.872475 -0.476397 0.108782 0.000005 0.166812 -0.081119 0.982646 -0.000008 0.000000 0.000000 0.000000 1.000000
-0.698285 0.692791 0.180105 0.860324 -0.644926 -0.718061 0.261647 -0.000000 0.310594 0.066550 0.948210 -0.000000 0.000000 0.000000 0.000000 1.000000
-0.663255 0.730685 0.161841 0.860324 -0.698577 -0.682035 0.216375 0.000000 0.268483 0.030453 0.962803 -0.000001 0.000000 0.000000 0.000000 1.000000
-0.525453 0.831758 0.179102 0.860324 -0.836435 -0.543541 0.070284 -0.000103 0.155809 -0.112877 0.981317 -0.000112 0.000000 0.000000 0.000000 1.000000
-0.077952 0.981590 0.174371 0.860324 -0.989966 -0.096889 0.102858 -0.000000 0.117859 -0.164603 0.979293 0.000000 0.000000 0.000000 0.000000 1.000000
0.740096 0.669248 0.066061 0.860324 -0.672151 0.732963 0.104777 -0.000000 0.021701 -0.121948 0.992299 0.000000 0.000000 0.000000 0.000000 1.000000
0.723216 0.686313 0.077025 0.860324 -0.689925 0.722987 0.035950 0.000000 -0.031016 -0.079141 0.996381 0.000000 0.000000 0.000000 0.000000 1.000000</float_array><technique_common><accessor source="#jnt_right_leg-Matrix-animation-output-transform-array" count="15" stride="16"><param type="float4x4"/></accessor></technique_common></source><source id="jnt_right_leg-Interpolations"><Name_array id="jnt_right_leg-Interpolations-array" count="15">
 LINEAR LINEAR LINEAR LINEAR LINEAR LINEAR LINEAR LINEAR LINEAR LINEAR LINEAR
LINEAR LINEAR LINEAR LINEAR</Name_array><technique_common><accessor source="#jnt_right_leg-Interpolations-array" count="15"><param type="name"/></accessor></technique_common></source><sampler id="jnt_right_leg-Matrix-animation-transform"><input semantic="INPUT" source="#jnt_right_leg-Matrix-animation-input"/><input semantic="OUTPUT" source="#jnt_right_leg-Matrix-animation-output-transform"/><input semantic="INTERPOLATION" source="#jnt_right_leg-Interpolations"/></sampler><channel source="#jnt_right_leg-Matrix-animation-transform" target="jnt_right_leg/matrix"/></animation></animation>
    <animation id="jnt_right_legroll-anim" name="jnt_right_legroll"><animation><source id="jnt_right_legroll-Matrix-animation-input"><float_array id="jnt_right_legroll-Matrix-animation-input-array" count="15">

0.000000 0.033333 0.066667 0.100000 0.133333 0.166667 0.200000 0.233333 0.266667 0.300000 0.333333 0.366667 0.400000 0.433333 0.466667</float_array><technique_common><accessor source="#jnt_right_legroll-Matrix-animation-input-array" count="15"><param name="TIME" type="float"/></accessor></technique_common></source><source id="jnt_right_legroll-Matrix-animation-output-transform"><float_array id="jnt_right_legroll-Matrix-animation-output-transform-array" count="240">

1.000000 0.000000 0.000000 0.384000 -0.000000 0.999478 0.032296 0.000000 0.000000 -0.032296 0.999478 -0.000000 0.000000 0.000000 0.000000 1.000000
1.000000 0.000000 0.000000 0.384000 -0.000000 0.999990 0.004541 0.000000 0.000000 -0.004541 0.999990 0.000000 0.000000 0.000000 0.000000 1.000000
1.000000 0.000000 -0.000000 0.384000 -0.000000 0.999392 -0.034858 -0.000000 0.000000 0.034858 0.999392 0.000000 0.000000 0.000000 0.000000 1.000000
1.000000 0.000000 0.000000 0.384000 0.000000 0.999341 -0.036299 0.000000 0.000000 0.036299 0.999341 0.000000 0.000000 0.000000 0.000000 1.000000
1.000000 0.000000 0.000000 0.384000 -0.000000 0.999997 -0.002458 -0.000000 -0.000000 0.002458 0.999997 -0.000000 0.000000 0.000000 0.000000 1.000000
1.000000 -0.000000 0.000000 0.384000 -0.000000 0.999813 0.019341 -0.000000 0.000000 -0.019341 0.999813 0.000000 0.000000 0.000000 0.000000 1.000000
1.000000 -0.000000 -0.000000 0.384000 0.000000 0.999162 0.040920 0.000000 0.000000 -0.040920 0.999162 0.000000 0.000000 0.000000 0.000000 1.000000
1.000000 -0.000000 -0.000000 0.384000 -0.000000 0.999444 0.033357 0.000000 0.000000 -0.033357 0.999444 0.000000 0.000000 0.000000 0.000000 1.000000
1.000000 -0.000000 0.000000 0.384000 0.000000 0.998940 0.046035 -0.000000 -0.000000 -0.046035 0.998940 0.000000 0.000000 0.000000 0.000000 1.000000
1.000000 -0.000000 -0.000000 0.384000 0.000000 0.999565 0.029505 -0.000000 0.000000 -0.029505 0.999565 -0.000000 0.000000 0.000000 0.000000 1.000000
1.000000 -0.000000 -0.000000 0.384000 -0.000000 0.999820 0.018964 0.000000 0.000000 -0.018964 0.999820 -0.000000 0.000000 0.000000 0.000000 1.000000
1.000000 0.000000 0.000000 0.384000 -0.000000 0.999645 0.026628 0.000000 0.000000 -0.026628 0.999645 0.000000 0.000000 0.000000 0.000000 1.000000
1.000000 -0.000000 -0.000000 0.384000 0.000000 0.999992 -0.004105 -0.000000 0.000000 0.004105 0.999992 0.000000 0.000000 0.000000 0.000000 1.000000
1.000000 0.000000 0.000000 0.384000 0.000000 0.999992 -0.003928 0.000000 -0.000000 0.003928 0.999992 0.000000 0.000000 0.000000 0.000000 1.000000
1.000000 0.000000 0.000000 0.384000 0.000000 0.999478 0.032297 -0.000000 -0.000000 -0.032297 0.999478 0.000000 0.000000 0.000000 0.000000 1.000000</float_array><technique_common><accessor source="#jnt_right_legroll-Matrix-animation-output-transform-array" count="15" stride="16"><param type="float4x4"/></accessor></technique_common></source><source id="jnt_right_legroll-Interpolations"><Name_array id="jnt_right_legroll-Interpolations-array" count="15">
 LINEAR LINEAR LINEAR LINEAR LINEAR LINEAR LINEAR LINEAR LINEAR LINEAR LINEAR
LINEAR LINEAR LINEAR LINEAR</Name_array><technique_common><accessor source="#jnt_right_legroll-Interpolations-array" count="15"><param type="name"/></accessor></technique_common></source><sampler id="jnt_right_legroll-Matrix-animation-transform"><input semantic="INPUT" source="#jnt_right_legroll-Matrix-animation-input"/><input semantic="OUTPUT" source="#jnt_right_legroll-Matrix-animation-output-transform"/><input semantic="INTERPOLATION" source="#jnt_right_legroll-Interpolations"/></sampler><channel source="#jnt_right_legroll-Matrix-animation-transform" target="jnt_right_legroll/matrix"/></animation></animation>
    <animation id="jnt_right_foot-anim" name="jnt_right_foot"><animation><source id="jnt_right_foot-Matrix-animation-input"><float_array id="jnt_right_foot-Matrix-animation-input-array" count="15">

0.000000 0.033333 0.066667 0.100000 0.133333 0.166667 0.200000 0.233333 0.266667 0.300000 0.333333 0.366667 0.400000 0.433333 0.466667</float_array><technique_common><accessor source="#jnt_right_foot-Matrix-animation-input-array" count="15"><param name="TIME" type="float"/></accessor></technique_common></source><source id="jnt_right_foot-Matrix-animation-output-transform"><float_array id="jnt_right_foot-Matrix-animation-output-transform-array" count="240">

0.643793 -0.740553 -0.192647 0.768145 0.765146 0.626009 0.150547 0.000000 0.009111 -0.244324 0.969651 0.000000 0.000000 0.000000 0.000000 1.000000
0.297248 -0.744545 -0.597742 0.768144 0.945264 0.317736 0.074294 0.000000 0.134609 -0.587108 0.798238 -0.000000 0.000000 0.000000 0.000000 1.000000
-0.037542 -0.820432 -0.570511 0.768144 0.994730 0.023828 -0.099723 -0.000000 0.095410 -0.571248 0.815214 0.000000 0.000000 0.000000 0.000000 1.000000
-0.022465 -0.877729 -0.478631 0.768144 0.995626 0.023787 -0.090353 -0.000000 0.090690 -0.478567 0.873355 0.000000 0.000000 0.000000 0.000000 1.000000
0.371469 -0.815923 -0.443035 0.768145 0.922111 0.379868 0.073566 -0.000000 0.108271 -0.435855 0.893481 -0.000000 0.000000 0.000000 0.000000 1.000000
0.711746 -0.612100 -0.344602 0.768144 0.691391 0.697118 0.189751 -0.000001 0.124082 -0.373309 0.919372 0.000000 0.000000 0.000000 0.000000 1.000000
0.821946 -0.513049 -0.247359 0.768144 0.555399 0.818230 0.148430 -0.000000 0.126245 -0.259384 0.957488 0.000000 0.000000 0.000000 0.000000 1.000000
0.685640 -0.637326 -0.351728 0.768144 0.665357 0.744687 -0.052350 -0.000000 0.295291 -0.198132 0.934637 0.000000 0.000000 0.000000 0.000000 1.000000
0.424389 -0.791682 -0.439469 0.768144 0.782932 0.564651 -0.261125 0.000000 0.454875 -0.233256 0.859465 -0.000000 0.000000 0.000000 0.000000 1.000000
0.011130 -0.955193 -0.295773 0.768144 0.882799 0.148305 -0.445726 -0.000000 0.469619 -0.256147 0.844895 0.000000 0.000000 0.000000 0.000000 1.000000
-0.119721 -0.948005 -0.294877 0.768144 0.943902 -0.016615 -0.329808 -0.000000 0.307761 -0.317820 0.896813 -0.000000 0.000000 0.000000 0.000000 1.000000
-0.078999 -0.958850 -0.272701 0.768144 0.982878 -0.029239 -0.181923 0.000000 0.166463 -0.282403 0.944743 0.000000 0.000000 0.000000 0.000000 1.000000
0.177424 -0.983258 0.041527 0.768145 0.978536 0.171763 -0.113863 0.000000 0.104824 0.060837 0.992628 0.000000 0.000000 0.000000 0.000000 1.000000
0.468694 -0.864138 0.183278 0.768145 0.878469 0.477760 0.006097 0.000000 -0.092832 0.158146 0.983042 0.000000 0.000000 0.000000 0.000000 1.000000
0.643797 -0.740549 -0.192644 0.768145 0.765142 0.626014 0.150547 0.000000 0.009110 -0.244322 0.969651 0.000000 0.000000 0.000000 0.000000 1.000000</float_array><technique_common><accessor source="#jnt_right_foot-Matrix-animation-output-transform-array" count="15" stride="16"><param type="float4x4"/></accessor></technique_common></source><source id="jnt_right_foot-Interpolations"><Name_array id="jnt_right_foot-Interpolations-array" count="15">
 LINEAR LINEAR LINEAR LINEAR LINEAR LINEAR LINEAR LINEAR LINEAR LINEAR LINEAR
LINEAR LINEAR LINEAR LINEAR</Name_array><technique_common><accessor source="#jnt_right_foot-Interpolations-array" count="15"><param type="name"/></accessor></technique_common></source><sampler id="jnt_right_foot-Matrix-animation-transform"><input semantic="INPUT" source="#jnt_right_foot-Matrix-animation-input"/><input semantic="OUTPUT" source="#jnt_right_foot-Matrix-animation-output-transform"/><input semantic="INTERPOLATION" source="#jnt_right_foot-Interpolations"/></sampler><channel source="#jnt_right_foot-Matrix-animation-transform" target="jnt_right_foot/matrix"/></animation></animation>
    <animation id="jnt_right_toebase-anim" name="jnt_right_toebase"><animation><source id="jnt_right_toebase-Matrix-animation-input"><float_array id="jnt_right_toebase-Matrix-animation-input-array" count="15">

0.000000 0.033333 0.066667 0.100000 0.133333 0.166667 0.200000 0.233333 0.266667 0.300000 0.333333 0.366667 0.400000 0.433333 0.466667</float_array><technique_common><accessor source="#jnt_right_toebase-Matrix-animation-input-array" count="15"><param name="TIME" type="float"/></accessor></technique_common></source><source id="jnt_right_toebase-Matrix-animation-output-transform"><float_array id="jnt_right_toebase-Matrix-animation-output-transform-array" count="240">

0.812498 -0.570880 -0.118084 0.441847 0.558934 0.820415 -0.120469 0.000000 0.165651 0.031879 0.985669 -0.000000 0.000000 0.000000 0.000000 1.000000
0.673923 -0.704972 0.221001 0.441847 0.721369 0.563293 -0.402898 0.000000 0.159544 0.430946 0.888162 0.000000 0.000000 0.000000 0.000000 1.000000
0.737203 -0.648409 0.189993 0.441847 0.661074 0.634042 -0.401212 -0.000000 0.139686 0.421374 0.896064 -0.000000 0.000000 0.000000 0.000000 1.000000
0.637441 -0.734612 0.232410 0.441847 0.757047 0.541021 -0.366300 -0.000000 0.143349 0.409440 0.901005 -0.000000 0.000000 0.000000 0.000000 1.000000
0.536994 -0.801623 0.262751 0.441847 0.833225 0.455350 -0.313674 -0.000000 0.131804 0.387372 0.912453 0.000000 0.000000 0.000000 0.000000 1.000000
0.797140 -0.580963 0.164469 0.441847 0.600467 0.734210 -0.316822 0.000000 0.063307 0.351310 0.934117 0.000000 0.000000 0.000000 0.000000 1.000000
0.883286 -0.437661 0.168104 0.441847 0.468398 0.839251 -0.276153 0.000000 -0.020220 0.322662 0.946298 0.000000 0.000000 0.000000 0.000000 1.000000
0.929094 -0.339272 0.147238 0.441847 0.364630 0.906890 -0.211175 -0.000000 -0.061883 0.249889 0.966295 0.000000 0.000000 0.000000 0.000000 1.000000
0.987030 -0.127457 0.097599 0.441847 0.139656 0.981560 -0.130519 -0.000000 -0.079164 0.142457 0.986630 0.000000 0.000000 0.000000 0.000000 1.000000
0.980392 -0.183754 0.071176 0.441847 0.190302 0.976629 -0.099901 -0.000000 -0.051156 0.111487 0.992448 0.000000 0.000000 0.000000 0.000000 1.000000
0.943301 -0.319561 0.089796 0.441847 0.328146 0.938528 -0.107174 -0.000000 -0.050028 0.130564 0.990177 0.000000 0.000000 0.000000 0.000000 1.000000
0.797811 -0.593113 0.108230 0.441847 0.602868 0.786855 -0.131944 -0.000000 -0.006903 0.170515 0.985331 -0.000000 0.000000 0.000000 0.000000 1.000000
0.650700 -0.751889 0.106078 0.441847 0.758549 0.637296 -0.135858 -0.000000 0.034547 0.168868 0.985033 0.000000 0.000000 0.000000 0.000000 1.000000
0.806251 -0.577815 -0.126842 0.441847 0.585829 0.809661 0.035406 -0.000000 0.082241 -0.102854 0.991291 0.000000 0.000000 0.000000 0.000000 1.000000
0.812497 -0.570881 -0.118084 0.441847 0.558936 0.820414 -0.120469 0.000000 0.165651 0.031879 0.985669 -0.000000 0.000000 0.000000 0.000000 1.000000</float_array><technique_common><accessor source="#jnt_right_toebase-Matrix-animation-output-transform-array" count="15" stride="16"><param type="float4x4"/></accessor></technique_common></source><source id="jnt_right_toebase-Interpolations"><Name_array id="jnt_right_toebase-Interpolations-array" count="15">
 LINEAR LINEAR LINEAR LINEAR LINEAR LINEAR LINEAR LINEAR LINEAR LINEAR LINEAR
LINEAR LINEAR LINEAR LINEAR</Name_array><technique_common><accessor source="#jnt_right_toebase-Interpolations-array" count="15"><param type="name"/></accessor></technique_common></source><sampler id="jnt_right_toebase-Matrix-animation-transform"><input semantic="INPUT" source="#jnt_right_toebase-Matrix-animation-input"/><input semantic="OUTPUT" source="#jnt_right_toebase-Matrix-animation-output-transform"/><input semantic="INTERPOLATION" source="#jnt_right_toebase-Interpolations"/></sampler><channel source="#jnt_right_toebase-Matrix-animation-transform" target="jnt_right_toebase/matrix"/></animation></animation>
    <animation id="jnt_right_toeend-anim" name="jnt_right_toeend"><animation><source id="jnt_right_toeend-Matrix-animation-input"><float_array id="jnt_right_toeend-Matrix-animation-input-array" count="15">

0.000000 0.033333 0.066667 0.100000 0.133333 0.166667 0.200000 0.233333 0.266667 0.300000 0.333333 0.366667 0.400000 0.433333 0.466667</float_array><technique_common><accessor source="#jnt_right_toeend-Matrix-animation-input-array" count="15"><param name="TIME" type="float"/></accessor></technique_common></source><source id="jnt_right_toeend-Matrix-animation-output-transform"><float_array id="jnt_right_toeend-Matrix-animation-output-transform-array" count="240">

1.000000 -0.000000 0.000000 0.379397 0.000000 1.000000 -0.000000 0.000000 0.000000 0.000000 1.000000 0.000000 0.000000 0.000000 0.000000 1.000000
1.000000 -0.000000 -0.000000 0.379397 0.000000 1.000000 0.000000 0.000000 0.000000 0.000000 1.000000 -0.000000 0.000000 0.000000 0.000000 1.000000
1.000000 0.000000 0.000000 0.379397 -0.000000 1.000000 0.000000 0.000000 0.000000 0.000000 1.000000 -0.000000 0.000000 0.000000 0.000000 1.000000
1.000000 -0.000000 0.000000 0.379397 0.000000 1.000000 0.000000 0.000000 -0.000000 -0.000000 1.000000 0.000000 0.000000 0.000000 0.000000 1.000000
1.000000 0.000000 0.000000 0.379397 0.000000 1.000000 0.000000 0.000000 0.000000 0.000000 1.000000 -0.000000 0.000000 0.000000 0.000000 1.000000
1.000000 0.000000 -0.000000 0.379397 0.000000 1.000000 -0.000000 0.000000 0.000000 0.000000 1.000000 -0.000000 0.000000 0.000000 0.000000 1.000000
1.000000 0.000000 0.000000 0.379397 0.000000 1.000000 0.000000 0.000000 0.000000 -0.000000 1.000000 -0.000000 0.000000 0.000000 0.000000 1.000000
1.000000 0.000000 0.000000 0.379397 -0.000000 1.000000 0.000000 0.000000 -0.000000 0.000000 1.000000 -0.000000 0.000000 0.000000 0.000000 1.000000
1.000000 -0.000000 0.000000 0.379397 0.000000 1.000000 0.000000 0.000000 -0.000000 -0.000000 1.000000 -0.000000 0.000000 0.000000 0.000000 1.000000
1.000000 -0.000000 0.000000 0.379397 -0.000000 1.000000 0.000000 0.000000 0.000000 0.000000 1.000000 -0.000000 0.000000 0.000000 0.000000 1.000000
1.000000 0.000000 0.000000 0.379397 0.000000 1.000000 0.000000 0.000000 0.000000 0.000000 1.000000 -0.000000 0.000000 0.000000 0.000000 1.000000
1.000000 -0.000000 0.000000 0.379397 0.000000 1.000000 0.000000 0.000000 -0.000000 0.000000 1.000000 -0.000000 0.000000 0.000000 0.000000 1.000000
1.000000 0.000000 -0.000000 0.379397 -0.000000 1.000000 0.000000 0.000000 0.000000 0.000000 1.000000 -0.000000 0.000000 0.000000 0.000000 1.000000
1.000000 0.000000 0.000000 0.379397 -0.000000 1.000000 -0.000000 0.000000 -0.000000 -0.000000 1.000000 -0.000000 0.000000 0.000000 0.000000 1.000000
1.000000 0.000000 -0.000000 0.379397 -0.000000 1.000000 -0.000000 0.000000 0.000000 0.000000 1.000000 -0.000000 0.000000 0.000000 0.000000 1.000000</float_array><technique_common><accessor source="#jnt_right_toeend-Matrix-animation-output-transform-array" count="15" stride="16"><param type="float4x4"/></accessor></technique_common></source><source id="jnt_right_toeend-Interpolations"><Name_array id="jnt_right_toeend-Interpolations-array" count="15">
 LINEAR LINEAR LINEAR LINEAR LINEAR LINEAR LINEAR LINEAR LINEAR LINEAR LINEAR
LINEAR LINEAR LINEAR LINEAR</Name_array><technique_common><accessor source="#jnt_right_toeend-Interpolations-array" count="15"><param type="name"/></accessor></technique_common></source><sampler id="jnt_right_toeend-Matrix-animation-transform"><input semantic="INPUT" source="#jnt_right_toeend-Matrix-animation-input"/><input semantic="OUTPUT" source="#jnt_right_toeend-Matrix-animation-output-transform"/><input semantic="INTERPOLATION" source="#jnt_right_toeend-Interpolations"/></sampler><channel source="#jnt_right_toeend-Matrix-animation-transform" target="jnt_right_toeend/matrix"/></animation></animation>
    <animation id="jnt_left_upleg-anim" name="jnt_left_upleg"><animation><source id="jnt_left_upleg-Matrix-animation-input"><float_array id="jnt_left_upleg-Matrix-animation-input-array" count="15">

0.000000 0.033333 0.066667 0.100000 0.133333 0.166667 0.200000 0.233333 0.266667 0.300000 0.333333 0.366667 0.400000 0.433333 0.466667</float_array><technique_common><accessor source="#jnt_left_upleg-Matrix-animation-input-array" count="15"><param name="TIME" type="float"/></accessor></technique_common></source><source id="jnt_left_upleg-Matrix-animation-output-transform"><float_array id="jnt_left_upleg-Matrix-animation-output-transform-array" count="240">

0.074550 0.511206 -0.856219 0.446779 -0.971607 -0.156103 -0.177798 -0.111213 -0.224549 0.845163 0.485054 0.043020 0.000000 0.000000 0.000000 1.000000
0.214761 0.718133 -0.661938 0.446779 -0.968610 0.243483 -0.050105 -0.111213 0.125189 0.651921 0.747882 0.043020 0.000000 0.000000 0.000000 1.000000
0.385525 0.684680 -0.618534 0.446779 -0.471634 0.722391 0.505681 -0.111213 0.793053 0.096769 0.601418 0.043020 0.000000 0.000000 0.000000 1.000000
0.405088 0.648938 -0.644037 0.446779 -0.044616 0.717614 0.695011 -0.111213 0.913189 -0.252806 0.319650 0.043020 0.000000 0.000000 0.000000 1.000000
0.415442 0.680487 -0.603611 0.446779 -0.185886 0.713094 0.675976 -0.111213 0.890424 -0.168626 0.422742 0.043020 0.000000 0.000000 0.000000 1.000000
0.247516 0.661842 -0.707602 0.446779 -0.385748 0.737264 0.554653 -0.111213 0.888783 0.135670 0.437789 0.043020 0.000000 0.000000 0.000000 1.000000
-0.027154 0.592818 -0.804878 0.446780 -0.698913 0.564405 0.439281 -0.111213 0.714691 0.574468 0.399003 0.043020 0.000000 0.000000 0.000000 1.000000
-0.077422 0.511291 -0.855913 0.446780 -0.515749 0.714159 0.473265 -0.111213 0.853234 0.478078 0.208406 0.043020 0.000000 0.000000 0.000000 1.000000
-0.032178 0.414290 -0.909576 0.446779 -0.514443 0.773377 0.370454 -0.111213 0.856920 0.479846 0.188243 0.043020 0.000000 0.000000 0.000000 1.000000
0.057937 0.320486 -0.945480 0.446779 -0.801801 0.579180 0.147190 -0.111213 0.594776 0.749559 0.290522 0.043020 0.000000 0.000000 0.000000 1.000000
0.144559 0.281605 -0.948579 0.446779 -0.977976 0.186522 -0.093666 -0.111213 0.150554 0.941227 0.302366 0.043020 0.000000 0.000000 0.000000 1.000000
0.066140 0.308609 -0.948887 0.446779 -0.936375 -0.309333 -0.165873 -0.111213 -0.344712 0.899485 0.268515 0.043020 0.000000 0.000000 0.000000 1.000000
-0.083392 0.133807 -0.987492 0.446779 -0.833697 -0.552204 -0.004420 -0.111213 -0.545889 0.822901 0.157604 0.043020 0.000000 0.000000 0.000000 1.000000
-0.143280 0.211774 -0.966759 0.446779 -0.886176 -0.462372 0.030052 -0.111213 -0.440638 0.861025 0.253918 0.043020 0.000000 0.000000 0.000000 1.000000
0.074551 0.511206 -0.856219 0.446779 -0.971607 -0.156101 -0.177798 -0.111213 -0.224548 0.845163 0.485054 0.043020 0.000000 0.000000 0.000000 1.000000</float_array><technique_common><accessor source="#jnt_left_upleg-Matrix-animation-output-transform-array" count="15" stride="16"><param type="float4x4"/></accessor></technique_common></source><source id="jnt_left_upleg-Interpolations"><Name_array id="jnt_left_upleg-Interpolations-array" count="15">
 LINEAR LINEAR LINEAR LINEAR LINEAR LINEAR LINEAR LINEAR LINEAR LINEAR LINEAR
LINEAR LINEAR LINEAR LINEAR</Name_array><technique_common><accessor source="#jnt_left_upleg-Interpolations-array" count="15"><param type="name"/></accessor></technique_common></source><sampler id="jnt_left_upleg-Matrix-animation-transform"><input semantic="INPUT" source="#jnt_left_upleg-Matrix-animation-input"/><input semantic="OUTPUT" source="#jnt_left_upleg-Matrix-animation-output-transform"/><input semantic="INTERPOLATION" source="#jnt_left_upleg-Interpolations"/></sampler><channel source="#jnt_left_upleg-Matrix-animation-transform" target="jnt_left_upleg/matrix"/></animation></animation>
    <animation id="jnt_left_uplegroll-anim" name="jnt_left_uplegroll"><animation><source id="jnt_left_uplegroll-Matrix-animation-input"><float_array id="jnt_left_uplegroll-Matrix-animation-input-array" count="15">

0.000000 0.033333 0.066667 0.100000 0.133333 0.166667 0.200000 0.233333 0.266667 0.300000 0.333333 0.366667 0.400000 0.433333 0.466667</float_array><technique_common><accessor source="#jnt_left_uplegroll-Matrix-animation-input-array" count="15"><param name="TIME" type="float"/></accessor></technique_common></source><source id="jnt_left_uplegroll-Matrix-animation-output-transform"><float_array id="jnt_left_uplegroll-Matrix-animation-output-transform-array" count="240">

1.000000 -0.000000 -0.000000 0.430001 0.000000 1.000000 0.000000 0.000000 -0.000000 -0.000000 1.000000 0.000000 0.000000 0.000000 0.000000 1.000000
1.000000 0.000000 -0.000000 0.430000 -0.000000 1.000000 0.000000 -0.000000 0.000000 -0.000000 1.000000 0.000000 0.000000 0.000000 0.000000 1.000000
1.000000 -0.000000 0.000000 0.430000 -0.000000 1.000000 -0.000000 0.000000 -0.000000 0.000000 1.000000 0.000000 0.000000 0.000000 0.000000 1.000000
1.000000 -0.000000 -0.000000 0.430000 -0.000000 1.000000 0.000000 0.000000 0.000000 0.000000 1.000000 0.000000 0.000000 0.000000 0.000000 1.000000
1.000000 -0.000000 -0.000000 0.430000 -0.000000 1.000000 -0.000000 -0.000000 0.000000 0.000000 1.000000 0.000000 0.000000 0.000000 0.000000 1.000000
1.000000 0.000000 0.000000 0.430000 0.000000 1.000000 0.000000 0.000000 0.000000 0.000000 1.000000 0.000000 0.000000 0.000000 0.000000 1.000000
1.000000 0.000000 0.000000 0.430000 -0.000000 1.000000 0.000000 0.000000 0.000000 0.000000 1.000000 0.000000 0.000000 0.000000 0.000000 1.000000
1.000000 0.000000 0.000000 0.430000 0.000000 1.000000 -0.000000 0.000000 0.000000 -0.000000 1.000000 0.000000 0.000000 0.000000 0.000000 1.000000
1.000000 0.000000 0.000000 0.430000 -0.000000 1.000000 0.000000 0.000000 0.000000 0.000000 1.000000 0.000000 0.000000 0.000000 0.000000 1.000000
1.000000 0.000000 0.000000 0.430000 0.000000 1.000000 -0.000000 -0.000000 0.000000 0.000000 1.000000 0.000000 0.000000 0.000000 0.000000 1.000000
1.000000 0.000000 -0.000000 0.430001 -0.000000 1.000000 0.000000 -0.000000 -0.000000 0.000000 1.000000 0.000000 0.000000 0.000000 0.000000 1.000000
1.000000 0.000000 0.000000 0.430000 0.000000 1.000000 -0.000000 -0.000000 0.000000 0.000000 1.000000 0.000000 0.000000 0.000000 0.000000 1.000000
1.000000 0.000000 0.000000 0.430000 -0.000000 1.000000 0.000000 -0.000000 0.000000 0.000000 1.000000 0.000000 0.000000 0.000000 0.000000 1.000000
1.000000 -0.000000 -0.000000 0.430000 0.000000 1.000000 0.000000 0.000000 0.000000 0.000000 1.000000 0.000000 0.000000 0.000000 0.000000 1.000000
1.000000 0.000000 0.000000 0.430000 0.000000 1.000000 0.000000 -0.000000 0.000000 -0.000000 1.000000 0.000000 0.000000 0.000000 0.000000 1.000000</float_array><technique_common><accessor source="#jnt_left_uplegroll-Matrix-animation-output-transform-array" count="15" stride="16"><param type="float4x4"/></accessor></technique_common></source><source id="jnt_left_uplegroll-Interpolations"><Name_array id="jnt_left_uplegroll-Interpolations-array" count="15">
 LINEAR LINEAR LINEAR LINEAR LINEAR LINEAR LINEAR LINEAR LINEAR LINEAR LINEAR
LINEAR LINEAR LINEAR LINEAR</Name_array><technique_common><accessor source="#jnt_left_uplegroll-Interpolations-array" count="15"><param type="name"/></accessor></technique_common></source><sampler id="jnt_left_uplegroll-Matrix-animation-transform"><input semantic="INPUT" source="#jnt_left_uplegroll-Matrix-animation-input"/><input semantic="OUTPUT" source="#jnt_left_uplegroll-Matrix-animation-output-transform"/><input semantic="INTERPOLATION" source="#jnt_left_uplegroll-Interpolations"/></sampler><channel source="#jnt_left_uplegroll-Matrix-animation-transform" target="jnt_left_uplegroll/matrix"/></animation></animation>
    <animation id="jnt_left_leg-anim" name="jnt_left_leg"><animation><source id="jnt_left_leg-Matrix-animation-input"><float_array id="jnt_left_leg-Matrix-animation-input-array" count="15">

0.000000 0.033333 0.066667 0.100000 0.133333 0.166667 0.200000 0.233333 0.266667 0.300000 0.333333 0.366667 0.400000 0.433333 0.466667</float_array><technique_common><accessor source="#jnt_left_leg-Matrix-animation-input-array" count="15"><param name="TIME" type="float"/></accessor></technique_common></source><source id="jnt_left_leg-Matrix-animation-output-transform"><float_array id="jnt_left_leg-Matrix-animation-output-transform-array" count="240">

