<?xml version="1.0" encoding="utf-8"?>
<COLLADA xmlns="http://www.collada.org/2005/11/COLLADASchema" version="1.4.1">
  <asset><contributor><author></author><authoring_tool>FBX COLLADA exporter</authoring_tool><comments></comments></contributor><created>2018-04-19T10:22:19Z</created><keywords></keywords><modified>2018-04-19T10:22:19Z</modified><revision></revision><subject></subject><title></title><unit meter="0.010000" name="centimeter"></unit><up_axis>Y_UP</up_axis></asset>
  <library_animations>
    <animation id="jnt_hips-anim" name="jnt_hips"><animation><source id="jnt_hips-Matrix-animation-input"><float_array id="jnt_hips-Matrix-animation-input-array" count="15">

0.000000 0.033333 0.066667 0.100000 0.133333 0.166667 0.200000 0.233333 0.266667 0.300000 0.333333 0.366667 0.400000 0.433333 0.466667</float_array><technique_common><accessor source="#jnt_hips-Matrix-animation-input-array" count="15"><param name="TIME" type="float"/></accessor></technique_common></source><source id="jnt_hips-Matrix-animation-output-transform"><float_array id="jnt_hips-Matrix-animation-output-transform-array" count="240">

0.709565 -0.132218 -0.692124 0.056852 -0.108833 0.949888 -0.293034 1.872558 0.696184 0.283252 0.659618 0.003123 0.000000 0.000000 0.000000 1.000000
0.625435 -0.154444 -0.764838 0.063040 -0.148607 0.938696 -0.311072 1.775143 0.765994 0.308216 0.564142 0.015539 0.000000 0.000000 0.000000 1.000000
0.574965 -0.167178 -0.800916 0.049565 -0.186935 0.926167 -0.327520 1.639060 0.796536 0.338032 0.501263 0.010348 0.000000 0.000000 0.000000 1.000000
0.604711 -0.194843 -0.772244 0.045302 -0.149755 0.924502 -0.350526 1.708242 0.782239 0.327615 0.529878 0.015630 0.000000 0.000000 0.000000 1.000000
0.694560 -0.219654 -0.685083 0.032208 -0.057633 0.932203 -0.357317 1.865595 0.717122 0.287661 0.634812 -0.009935 0.000000 0.000000 0.000000 1.000000
0.785892 -0.219095 -0.578249 -0.000605 0.013386 0.940935 -0.338322 1.988632 0.618219 0.258144 0.742406 -0.046126 0.000000 0.000000 0.000000 1.000000
0.857106 -0.198632 -0.475305 -0.012358 0.041510 0.946302 -0.320609 2.001466 0.513465 0.255066 0.819326 -0.059377 0.000000 0.000000 0.000000 1.000000
0.912274 -0.186077 -0.364872 -0.018524 0.066284 0.946173 -0.316801 1.882324 0.404182 0.264824 0.875503 -0.063521 0.000000 0.000000 0.000000 1.000000
0.945077 -0.192526 -0.264128 -0.018277 0.101544 0.941067 -0.322618 1.717220 0.310674 0.278078 0.908930 -0.057853 0.000000 0.000000 0.000000 1.000000
0.950559 -0.191831 -0.244209 -0.012247 0.102797 0.936430 -0.335457 1.622928 0.293036 0.293768 0.909852 -0.048691 0.000000 0.000000 0.000000 1.000000
0.927171 -0.163384 -0.337136 0.002042 0.041353 0.939027 -0.341347 1.706006 0.372350 0.302545 0.877395 -0.038397 0.000000 0.000000 0.000000 1.000000
0.872573 -0.131448 -0.470465 0.033570 -0.028672 0.947671 -0.317959 1.857767 0.487642 0.290932 0.823143 -0.014144 0.000000 0.000000 0.000000 1.000000
0.815993 -0.122827 -0.564862 0.055226 -0.053710 0.956828 -0.285648 1.958580 0.575562 0.263425 0.774168 0.002256 0.000000 0.000000 0.000000 1.000000
0.770012 -0.128671 -0.624920 0.059809 -0.058280 0.961174 -0.269717 1.971249 0.635362 0.244106 0.732617 0.004863 0.000000 0.000000 0.000000 1.000000
0.709566 -0.132217 -0.692123 0.056386 -0.108833 0.949888 -0.293033 1.872557 0.696184 0.283252 0.659619 0.002657 0.000000 0.000000 0.000000 1.000000</float_array><technique_common><accessor source="#jnt_hips-Matrix-animation-output-transform-array" count="15" stride="16"><param type="float4x4"/></accessor></technique_common></source><source id="jnt_hips-Interpolations"><Name_array id="jnt_hips-Interpolations-array" count="15">
 LINEAR LINEAR LINEAR LINEAR LINEAR LINEAR LINEAR LINEAR LINEAR LINEAR LINEAR
LINEAR LINEAR LINEAR LINEAR</Name_array><technique_common><accessor source="#jnt_hips-Interpolations-array" count="15"><param type="name"/></accessor></technique_common></source><sampler id="jnt_hips-Matrix-animation-transform"><input semantic="INPUT" source="#jnt_hips-Matrix-animation-input"/><input semantic="OUTPUT" source="#jnt_hips-Matrix-animation-output-transform"/><input semantic="INTERPOLATION" source="#jnt_hips-Interpolations"/></sampler><channel source="#jnt_hips-Matrix-animation-transform" target="jnt_hips/matrix"/></animation></animation>
    <animation id="jnt_right_upleg-anim" name="jnt_right_upleg"><animation><source id="jnt_right_upleg-Matrix-animation-input"><float_array id="jnt_right_upleg-Matrix-animation-input-array" count="15">

0.000000 0.033333 0.066667 0.100000 0.133333 0.166667 0.200000 0.233333 0.266667 0.300000 0.333333 0.366667 0.400000 0.433333 0.466667</float_array><technique_common><accessor source="#jnt_right_upleg-Matrix-animation-input-array" count="15"><param name="TIME" type="float"/></accessor></technique_common></source><source id="jnt_right_upleg-Matrix-animation-output-transform"><float_array id="jnt_right_upleg-Matrix-animation-output-transform-array" count="240">

0.059685 -0.346425 -0.936177 -0.446779 -0.441499 0.831971 -0.336011 -0.111214 0.895274 0.433376 -0.103290 0.043020 0.000000 0.000000 0.000000 1.000000
0.119207 -0.507812 -0.853180 -0.446780 -0.554789 0.678573 -0.481401 -0.111214 0.823407 0.530721 -0.200838 0.043020 0.000000 0.000000 0.000000 1.000000
0.155579 -0.469716 -0.869001 -0.446779 -0.774794 0.487683 -0.402317 -0.111214 0.612772 0.735888 -0.288060 0.043020 0.000000 0.000000 0.000000 1.000000
0.103081 -0.460020 -0.881905 -0.446780 -0.951287 0.213407 -0.222508 -0.111214 0.290563 0.861881 -0.415613 0.043020 0.000000 0.000000 0.000000 1.000000
0.030783 -0.605673 -0.795118 -0.446780 -0.994349 -0.099417 0.037234 -0.111214 -0.101600 0.789479 -0.605311 0.043020 0.000000 0.000000 0.000000 1.000000
0.139860 -0.497341 -0.856207 -0.446780 -0.952983 -0.302365 0.019964 -0.111214 -0.268816 0.813159 -0.516246 0.043020 0.000000 0.000000 0.000000 1.000000
0.263899 -0.443012 -0.856795 -0.446780 -0.922971 -0.373978 -0.090914 -0.111214 -0.280146 0.814789 -0.507580 0.043020 0.000000 0.000000 0.000000 1.000000
0.246144 -0.650790 -0.718251 -0.446779 -0.958009 -0.275811 -0.078403 -0.111214 -0.147078 0.707390 -0.691352 0.043020 0.000000 0.000000 0.000000 1.000000
0.055203 -0.856345 -0.513445 -0.446780 -0.993394 0.004710 -0.114660 -0.111215 0.100607 0.516382 -0.850428 0.043020 0.000000 0.000000 0.000000 1.000000
-0.165844 -0.903841 -0.394420 -0.446780 -0.839149 0.339431 -0.424989 -0.111214 0.518001 0.260496 -0.814750 0.043020 0.000000 0.000000 0.000000 1.000000
-0.235551 -0.675486 -0.698738 -0.446779 -0.261577 0.736501 -0.623813 -0.111214 0.935998 0.035834 -0.350176 0.043020 0.000000 0.000000 0.000000 1.000000
-0.158931 -0.362763 -0.918229 -0.446780 0.265245 0.880168 -0.393636 -0.111214 0.950992 -0.306116 -0.043665 0.043020 0.000000 0.000000 0.000000 1.000000
0.008106 -0.189800 -0.981789 -0.446780 -0.034995 0.981166 -0.189968 -0.111214 0.999355 0.035898 0.001311 0.043020 0.000000 0.000000 0.000000 1.000000
0.025766 -0.134815 -0.990536 -0.446780 -0.315389 0.939163 -0.136027 -0.111214 0.948613 0.315909 -0.018321 0.043020 0.000000 0.000000 0.000000 1.000000
0.059686 -0.346425 -0.936177 -0.446779 -0.441500 0.831970 -0.336012 -0.111214 0.895274 0.433377 -0.103290 0.043020 0.000000 0.000000 0.000000 1.000000</float_array><technique_common><accessor source="#jnt_right_upleg-Matrix-animation-output-transform-array" count="15" stride="16"><param type="float4x4"/></accessor></technique_common></source><source id="jnt_right_upleg-Interpolations"><Name_array id="jnt_right_upleg-Interpolations-array" count="15">
 LINEAR LINEAR LINEAR LINEAR LINEAR LINEAR LINEAR LINEAR LINEAR LINEAR LINEAR
LINEAR LINEAR LINEAR LINEAR</Name_array><technique_common><accessor source="#jnt_right_upleg-Interpolations-array" count="15"><param type="name"/></accessor></technique_common></source><sampler id="jnt_right_upleg-Matrix-animation-transform"><input semantic="INPUT" source="#jnt_right_upleg-Matrix-animation-input"/><input semantic="OUTPUT" source="#jnt_right_upleg-Matrix-animation-output-transform"/><input semantic="INTERPOLATION" source="#jnt_right_upleg-Interpolations"/></sampler><channel source="#jnt_right_upleg-Matrix-animation-transform" target="jnt_right_upleg/matrix"/></animation></animation>
    <animation id="jnt_right_uplegroll-anim" name="jnt_right_uplegroll"><animation><source id="jnt_right_uplegroll-Matrix-animation-input"><float_array id="jnt_right_uplegroll-Matrix-animation-input-array" count="15">

0.000000 0.033333 0.066667 0.100000 0.133333 0.166667 0.200000 0.233333 0.266667 0.300000 0.333333 0.366667 0.400000 0.433333 0.466667</float_array><technique_common><accessor source="#jnt_right_uplegroll-Matrix-animation-input-array" count="15"><param name="TIME" type="float"/></accessor></technique_common></source><source id="jnt_right_uplegroll-Matrix-animation-output-transform"><float_array id="jnt_right_uplegroll-Matrix-animation-output-transform-array" count="240">

1.000000 0.000000 0.000000 0.430000 -0.000000 1.000000 0.000000 -0.000000 -0.000000 -0.000000 1.000000 0.000000 0.000000 0.000000 0.000000 1.000000
1.000000 -0.000000 0.000000 0.430000 -0.000000 1.000000 -0.000000 0.000000 0.000000 0.000000 1.000000 0.000000 0.000000 0.000000 0.000000 1.000000
1.000000 0.000000 -0.000000 0.430000 0.000000 1.000000 0.000000 0.000000 -0.000000 0.000000 1.000000 0.000000 0.000000 0.000000 0.000000 1.000000
1.000000 -0.000000 0.000000 0.430000 -0.000000 1.000000 0.000000 -0.000000 0.000000 0.000000 1.000000 0.000000 0.000000 0.000000 0.000000 1.000000
1.000000 0.000000 -0.000000 0.430000 -0.000000 1.000000 0.000000 0.000000 -0.000000 -0.000000 1.000000 0.000000 0.000000 0.000000 0.000000 1.000000
1.000000 0.000000 0.000000 0.430000 -0.000000 1.000000 -0.000000 0.000000 0.000000 -0.000000 1.000000 -0.000000 0.000000 0.000000 0.000000 1.000000
1.000000 0.000000 0.000000 0.430000 -0.000000 1.000000 0.000000 0.000000 0.000000 0.000000 1.000000 -0.000000 0.000000 0.000000 0.000000 1.000000
1.000000 0.000000 0.000000 0.430000 0.000000 1.000000 -0.000000 0.000000 0.000000 -0.000000 1.000000 0.000000 0.000000 0.000000 0.000000 1.000000
1.000000 -0.000000 -0.000000 0.430000 0.000000 1.000000 -0.000001 0.000000 -0.000000 0.000001 1.000000 0.000000 0.000000 0.000000 0.000000 1.000000
1.000000 -0.000000 0.000000 0.430000 -0.000000 1.000000 -0.000000 0.000000 0.000000 0.000000 1.000000 -0.000000 0.000000 0.000000 0.000000 1.000000
1.000000 0.000000 -0.000000 0.430000 -0.000000 1.000000 -0.000000 0.000000 0.000000 -0.000000 1.000000 0.000000 0.000000 0.000000 0.000000 1.000000
1.000000 -0.000000 -0.000000 0.430000 0.000000 1.000000 0.000000 -0.000000 0.000000 -0.000000 1.000000 0.000000 0.000000 0.000000 0.000000 1.000000
1.000000 0.000000 0.000000 0.430000 0.000000 1.000000 0.000000 0.000000 -0.000000 0.000000 1.000000 -0.000000 0.000000 0.000000 0.000000 1.000000
1.000000 -0.000000 -0.000000 0.430000 0.000000 1.000000 0.000000 0.000000 0.000000 0.000000 1.000000 0.000000 0.000000 0.000000 0.000000 1.000000
1.000000 -0.000000 -0.000000 0.430000 0.000000 1.000000 -0.000000 -0.000000 0.000000 -0.000000 1.000000 0.000000 0.000000 0.000000 0.000000 1.000000</float_array><technique_common><accessor source="#jnt_right_uplegroll-Matrix-animation-output-transform-array" count="15" stride="16"><param type="float4x4"/></accessor></technique_common></source><source id="jnt_right_uplegroll-Interpolations"><Name_array id="jnt_right_uplegroll-Interpolations-array" count="15">
 LINEAR LINEAR LINEAR LINEAR LINEAR LINEAR LINEAR LINEAR LINEAR LINEAR LINEAR
LINEAR LINEAR LINEAR LINEAR</Name_array><technique_common><accessor source="#jnt_right_uplegroll-Interpolations-array" count="15"><param type="name"/></accessor></technique_common></source><sampler id="jnt_right_uplegroll-Matrix-animation-transform"><input semantic="INPUT" source="#jnt_right_uplegroll-Matrix-animation-input"/><input semantic="OUTPUT" source="#jnt_right_uplegroll-Matrix-animation-output-transform"/><input semantic="INTERPOLATION" source="#jnt_right_uplegroll-Interpolations"/></sampler><channel source="#jnt_right_uplegroll-Matrix-animation-transform" target="jnt_right_uplegroll/matrix"/></animation></animation>
    <animation id="jnt_right_leg-anim" name="jnt_right_leg"><animation><source id="jnt_right_leg-Matrix-animation-input"><float_array id="jnt_right_leg-Matrix-animation-input-array" count="15">

0.000000 0.033333 0.066667 0.100000 0.133333 0.166667 0.200000 0.233333 0.266667 0.300000 0.333333 0.366667 0.400000 0.433333 0.466667</float_array><technique_common><accessor source="#jnt_right_leg-Matrix-animation-input-array" count="15"><param name="TIME" type="float"/></accessor></technique_common></source><source id="jnt_right_leg-Matrix-animation-output-transform"><float_array id="jnt_right_leg-Matrix-animation-output-transform-array" count="240">

0.408896 0.900047 -0.150728 0.860325 -0.911077 0.393135 -0.124031 0.000000 -0.052378 0.188041 0.980764 0.000000 0.000000 0.000000 0.000000 1.000000
0.133776 0.975987 -0.171912 0.860324 -0.988058 0.117973 -0.099113 0.000000 -0.076452 0.183118 0.980114 -0.000000 0.000000 0.000000 0.000000 1.000000
0.050533 0.991536 -0.119591 0.860324 -0.996640 0.042336 -0.070117 0.000000 -0.064461 0.122732 0.990344 -0.000000 0.000000 0.000000 0.000000 1.000000
0.259665 0.965199 -0.031068 0.860324 -0.965663 0.259246 -0.016903 -0.000000 -0.008260 0.034391 0.999374 0.000000 0.000000 0.000000 0.000000 1.000000
0.606820 0.791162 0.076372 0.860324 -0.794656 0.601807 0.079688 0.000000 0.017085 -0.109046 0.993890 -0.000000 0.000000 0.000000 0.000000 1.000000
0.705509 0.708366 0.021767 0.860324 -0.707110 0.701537 0.088544 -0.000000 0.047452 -0.077860 0.995834 -0.000000 0.000000 0.000000 0.000000 1.000000
0.634373 0.771256 0.052299 0.860324 -0.770006 0.624470 0.130872 -0.000000 0.068277 -0.123292 0.990019 -0.000000 0.000000 0.000000 0.000000 1.000000
0.274538 0.950009 0.148698 0.860324 -0.958843 0.258814 0.116770 0.000000 0.072447 -0.174636 0.981964 -0.000000 0.000000 0.000000 0.000000 1.000000
-0.314985 0.932361 0.177446 0.860324 -0.939942 -0.332352 0.077794 0.000013 0.131506 -0.142285 0.981051 -0.000020 0.000000 0.000000 0.000000 1.000000
-0.636551 0.760462 0.128451 0.860324 -0.730970 -0.648003 0.213948 0.000001 0.245936 0.042295 0.968363 -0.000006 0.000000 0.000000 0.000000 1.000000
-0.633808 0.772831 0.031912 0.860325 -0.739282 -0.617396 0.268856 0.000004 0.227482 0.146811 0.962652 0.000000 0.000000 0.000000 0.000000 1.000000
-0.639607 0.767087 -0.049807 0.860324 -0.757857 -0.618414 0.207887 -0.000004 0.128666 0.170713 0.976884 0.000002 0.000000 0.000000 0.000000 1.000000
0.067821 0.988687 -0.133784 0.860324 -0.991222 0.082025 0.103690 0.000000 0.113490 0.125577 0.985571 -0.000000 0.000000 0.000000 0.000000 1.000000
0.559601 0.818571 -0.129569 0.860324 -0.828670 0.554990 -0.072745 0.000000 0.012363 0.148078 0.988898 0.000000 0.000000 0.000000 0.000000 1.000000
0.408899 0.900046 -0.150728 0.860324 -0.911075 0.393138 -0.124034 0.000000 -0.052379 0.188041 0.980763 -0.000000 0.000000 0.000000 0.000000 1.000000</float_array><technique_common><accessor source="#jnt_right_leg-Matrix-animation-output-transform-array" count="15" stride="16"><param type="float4x4"/></accessor></technique_common></source><source id="jnt_right_leg-Interpolations"><Name_array id="jnt_right_leg-Interpolations-array" count="15">
 LINEAR LINEAR LINEAR LINEAR LINEAR LINEAR LINEAR LINEAR LINEAR LINEAR LINEAR
LINEAR LINEAR LINEAR LINEAR</Name_array><technique_common><accessor source="#jnt_right_leg-Interpolations-array" count="15"><param type="name"/></accessor></technique_common></source><sampler id="jnt_right_leg-Matrix-animation-transform"><input semantic="INPUT" source="#jnt_right_leg-Matrix-animation-input"/><input semantic="OUTPUT" source="#jnt_right_leg-Matrix-animation-output-transform"/><input semantic="INTERPOLATION" source="#jnt_right_leg-Interpolations"/></sampler><channel source="#jnt_right_leg-Matrix-animation-transform" target="jnt_right_leg/matrix"/></animation></animation>
    <animation id="jnt_right_legroll-anim" name="jnt_right_legroll"><animation><source id="jnt_right_legroll-Matrix-animation-input"><float_array id="jnt_right_legroll-Matrix-animation-input-array" count="15">

0.000000 0.033333 0.066667 0.100000 0.133333 0.166667 0.200000 0.233333 0.266667 0.300000 0.333333 0.366667 0.400000 0.433333 0.466667</float_array><technique_common><accessor source="#jnt_right_legroll-Matrix-animation-input-array" count="15"><param name="TIME" type="float"/></accessor></technique_common></source><source id="jnt_right_legroll-Matrix-animation-output-transform"><float_array id="jnt_right_legroll-Matrix-animation-output-transform-array" count="240">

1.000000 0.000000 -0.000000 0.384000 0.000000 0.999779 0.020999 -0.000000 0.000000 -0.020999 0.999779 -0.000000 0.000000 0.000000 0.000000 1.000000
1.000000 0.000000 0.000000 0.384000 -0.000000 0.999864 -0.016464 0.000000 0.000000 0.016464 0.999864 0.000000 0.000000 0.000000 0.000000 1.000000
1.000000 -0.000000 0.000000 0.384000 0.000000 0.999957 -0.009226 0.000000 0.000000 0.009226 0.999957 -0.000000 0.000000 0.000000 0.000000 1.000000
1.000000 -0.000000 0.000000 0.384000 -0.000000 0.999984 -0.005711 0.000000 0.000000 0.005711 0.999984 0.000000 0.000000 0.000000 0.000000 1.000000
1.000000 0.000000 -0.000000 0.384000 -0.000000 0.999648 0.026514 -0.000000 -0.000000 -0.026514 0.999648 -0.000000 0.000000 0.000000 0.000000 1.000000
1.000000 0.000000 0.000000 0.384000 -0.000000 0.999767 0.021608 0.000000 0.000000 -0.021608 0.999767 -0.000000 0.000000 0.000000 0.000000 1.000000
1.000000 0.000000 0.000000 0.384000 0.000000 0.999758 0.021985 -0.000000 -0.000000 -0.021985 0.999758 -0.000000 0.000000 0.000000 0.000000 1.000000
1.000000 0.000000 0.000000 0.384000 -0.000000 0.999665 0.025875 0.000000 -0.000000 -0.025875 0.999665 0.000000 0.000000 0.000000 0.000000 1.000000
1.000000 -0.000000 0.000000 0.384000 -0.000000 0.999992 0.004028 0.000000 0.000000 -0.004028 0.999992 -0.000000 0.000000 0.000000 0.000000 1.000000
1.000000 0.000000 0.000000 0.384000 0.000000 0.999945 -0.010517 0.000000 0.000000 0.010517 0.999945 0.000000 0.000000 0.000000 0.000000 1.000000
1.000000 0.000000 0.000000 0.384000 0.000000 0.999961 -0.008878 -0.000000 0.000000 0.008878 0.999961 0.000000 0.000000 0.000000 0.000000 1.000000
1.000000 -0.000000 0.000000 0.384000 -0.000000 0.999938 0.011151 -0.000000 0.000000 -0.011151 0.999938 -0.000000 0.000000 0.000000 0.000000 1.000000
1.000000 -0.000000 0.000000 0.384000 -0.000000 0.999690 0.024894 0.000000 0.000000 -0.024894 0.999690 0.000000 0.000000 0.000000 0.000000 1.000000
1.000000 0.000000 0.000000 0.384000 0.000000 0.999693 0.024778 0.000000 -0.000000 -0.024778 0.999693 0.000000 0.000000 0.000000 0.000000 1.000000
1.000000 0.000000 0.000000 0.384000 0.000000 0.999779 0.020999 0.000000 -0.000000 -0.020999 0.999779 0.000000 0.000000 0.000000 0.000000 1.000000</float_array><technique_common><accessor source="#jnt_right_legroll-Matrix-animation-output-transform-array" count="15" stride="16"><param type="float4x4"/></accessor></technique_common></source><source id="jnt_right_legroll-Interpolations"><Name_array id="jnt_right_legroll-Interpolations-array" count="15">
 LINEAR LINEAR LINEAR LINEAR LINEAR LINEAR LINEAR LINEAR LINEAR LINEAR LINEAR
LINEAR LINEAR LINEAR LINEAR</Name_array><technique_common><accessor source="#jnt_right_legroll-Interpolations-array" count="15"><param type="name"/></accessor></technique_common></source><sampler id="jnt_right_legroll-Matrix-animation-transform"><input semantic="INPUT" source="#jnt_right_legroll-Matrix-animation-input"/><input semantic="OUTPUT" source="#jnt_right_legroll-Matrix-animation-output-transform"/><input semantic="INTERPOLATION" source="#jnt_right_legroll-Interpolations"/></sampler><channel source="#jnt_right_legroll-Matrix-animation-transform" target="jnt_right_legroll/matrix"/></animation></animation>
    <animation id="jnt_right_foot-anim" name="jnt_right_foot"><animation><source id="jnt_right_foot-Matrix-animation-input"><float_array id="jnt_right_foot-Matrix-animation-input-array" count="15">

0.000000 0.033333 0.066667 0.100000 0.133333 0.166667 0.200000 0.233333 0.266667 0.300000 0.333333 0.366667 0.400000 0.433333 0.466667</float_array><technique_common><accessor source="#jnt_right_foot-Matrix-animation-input-array" count="15"><param name="TIME" type="float"/></accessor></technique_common></source><source id="jnt_right_foot-Matrix-animation-output-transform"><float_array id="jnt_right_foot-Matrix-animation-output-transform-array" count="240">

0.368876 -0.927270 -0.064044 0.768145 0.923823 0.358170 0.135151 -0.000000 -0.102382 -0.109019 0.988753 -0.000000 0.000000 0.000000 0.000000 1.000000
0.082038 -0.893152 -0.442210 0.768144 0.996610 0.070785 0.041921 0.000000 -0.006140 -0.444151 0.895931 0.000000 0.000000 0.000000 0.000000 1.000000
-0.201068 -0.889168 -0.411037 0.768145 0.979199 -0.194106 -0.059101 0.000000 -0.027234 -0.414370 0.909701 -0.000000 0.000000 0.000000 0.000000 1.000000
-0.102788 -0.930192 -0.352389 0.768145 0.994702 -0.096727 -0.034814 0.000000 -0.001701 -0.354100 0.935206 -0.000000 0.000000 0.000000 0.000000 1.000000
0.343856 -0.836696 -0.426265 0.768145 0.937945 0.327774 0.113243 0.000000 0.044969 -0.438752 0.897482 -0.000000 0.000000 0.000000 0.000000 1.000000
0.739284 -0.599235 -0.307206 0.768145 0.664612 0.722726 0.189626 -0.000000 0.108395 -0.344361 0.932559 0.000000 0.000000 0.000000 0.000000 1.000000
0.897985 -0.411259 -0.156488 0.768145 0.428514 0.898138 0.098610 -0.000000 0.099994 -0.155608 0.982745 -0.000000 0.000000 0.000000 0.000000 1.000000
0.823539 -0.502779 -0.262674 0.768144 0.504436 0.860899 -0.066312 -0.000000 0.259476 -0.077892 0.962603 0.000000 0.000000 0.000000 0.000000 1.000000
0.498806 -0.793444 -0.348767 0.768145 0.730997 0.601332 -0.322558 -0.000000 0.465657 -0.094054 0.879953 -0.000000 0.000000 0.000000 0.000000 1.000000
0.299590 -0.921145 -0.248471 0.768145 0.804070 0.383956 -0.453926 0.000000 0.513534 -0.063796 0.855694 0.000000 0.000000 0.000000 0.000000 1.000000
0.487964 -0.864512 -0.120458 0.768144 0.791830 0.496497 -0.355663 -0.000000 0.367282 0.078169 0.926819 0.000000 0.000000 0.000000 0.000000 1.000000
0.471567 -0.880750 0.043635 0.768145 0.865285 0.452613 -0.215460 0.000000 0.170016 0.139360 0.975537 -0.000000 0.000000 0.000000 0.000000 1.000000
0.455107 -0.854834 0.249271 0.768145 0.890272 0.442208 -0.108937 -0.000000 -0.017106 0.271497 0.962287 -0.000000 0.000000 0.000000 0.000000 1.000000
0.456368 -0.846662 0.273665 0.768145 0.877045 0.479898 0.022130 0.000000 -0.150068 0.229917 0.961571 -0.000000 0.000000 0.000000 0.000000 1.000000
0.368878 -0.927269 -0.064046 0.768145 0.923822 0.358172 0.135151 0.000000 -0.102382 -0.109021 0.988753 0.000000 0.000000 0.000000 0.000000 1.000000</float_array><technique_common><accessor source="#jnt_right_foot-Matrix-animation-output-transform-array" count="15" stride="16"><param type="float4x4"/></accessor></technique_common></source><source id="jnt_right_foot-Interpolations"><Name_array id="jnt_right_foot-Interpolations-array" count="15">
 LINEAR LINEAR LINEAR LINEAR LINEAR LINEAR LINEAR LINEAR LINEAR LINEAR LINEAR
LINEAR LINEAR LINEAR LINEAR</Name_array><technique_common><accessor source="#jnt_right_foot-Interpolations-array" count="15"><param type="name"/></accessor></technique_common></source><sampler id="jnt_right_foot-Matrix-animation-transform"><input semantic="INPUT" source="#jnt_right_foot-Matrix-animation-input"/><input semantic="OUTPUT" source="#jnt_right_foot-Matrix-animation-output-transform"/><input semantic="INTERPOLATION" source="#jnt_right_foot-Interpolations"/></sampler><channel source="#jnt_right_foot-Matrix-animation-transform" target="jnt_right_foot/matrix"/></animation></animation>
    <animation id="jnt_right_toebase-anim" name="jnt_right_toebase"><animation><source id="jnt_right_toebase-Matrix-animation-input"><float_array id="jnt_right_toebase-Matrix-animation-input-array" count="15">

0.000000 0.033333 0.066667 0.100000 0.133333 0.166667 0.200000 0.233333 0.266667 0.300000 0.333333 0.366667 0.400000 0.433333 0.466667</float_array><technique_common><accessor source="#jnt_right_toebase-Matrix-animation-input-array" count="15"><param name="TIME" type="float"/></accessor></technique_common></source><source id="jnt_right_toebase-Matrix-animation-output-transform"><float_array id="jnt_right_toebase-Matrix-animation-output-transform-array" count="240">

0.720994 -0.674254 0.159845 0.441847 0.667758 0.614429 -0.420210 0.000000 0.185115 0.409706 0.893238 -0.000000 0.000000 0.000000 0.000000 1.000000
0.673756 -0.705169 0.220883 0.441847 0.721486 0.563145 -0.402895 0.000000 0.159720 0.430817 0.888193 0.000000 0.000000 0.000000 0.000000 1.000000
0.737355 -0.648242 0.189972 0.441847 0.660918 0.634187 -0.401241 -0.000000 0.139624 0.421413 0.896056 0.000000 0.000000 0.000000 0.000000 1.000000
0.638579 -0.733637 0.232363 0.441847 0.756164 0.542095 -0.366537 -0.000000 0.142942 0.409768 0.900921 -0.000000 0.000000 0.000000 0.000000 1.000000
0.512721 -0.814522 0.271425 0.441847 0.846073 0.425638 -0.320925 -0.000000 0.145872 0.394190 0.907379 0.000000 0.000000 0.000000 0.000000 1.000000
0.673278 -0.715384 0.186875 0.441847 0.728659 0.599063 -0.331933 -0.000000 0.125509 0.359652 0.924607 -0.000000 0.000000 0.000000 0.000000 1.000000
0.648212 -0.734264 0.201686 0.441847 0.753819 0.581361 -0.306229 0.000000 0.107600 0.350536 0.930348 -0.000000 0.000000 0.000000 0.000000 1.000000
0.592597 -0.782246 0.192147 0.441847 0.799530 0.542235 -0.258328 -0.000000 0.097887 0.306712 0.946756 -0.000000 0.000000 0.000000 0.000000 1.000000
0.553759 -0.817780 0.156802 0.441847 0.828101 0.521149 -0.206523 -0.000000 0.087173 0.244212 0.965796 0.000000 0.000000 0.000000 0.000000 1.000000
0.559456 -0.818873 0.128282 0.441847 0.825885 0.537629 -0.169907 0.000000 0.070164 0.201001 0.977075 0.000000 0.000000 0.000000 0.000000 1.000000
0.582022 -0.801365 0.138074 0.441847 0.811599 0.561899 -0.159928 0.000000 0.050577 0.205143 0.977424 -0.000000 0.000000 0.000000 0.000000 1.000000
0.620611 -0.773055 0.131254 0.441847 0.783213 0.603107 -0.151124 0.000000 0.037666 0.196589 0.979762 0.000000 0.000000 0.000000 0.000000 1.000000
0.650025 -0.752459 0.106179 0.441847 0.759127 0.636627 -0.135767 0.000000 0.034563 0.168855 0.985035 -0.000000 0.000000 0.000000 0.000000 1.000000
0.704256 -0.707353 0.060627 0.441847 0.709193 0.697008 -0.105947 0.000000 0.032685 0.117610 0.992522 0.000000 0.000000 0.000000 0.000000 1.000000
0.720994 -0.674254 0.159843 0.441847 0.667757 0.614429 -0.420211 -0.000000 0.185116 0.409706 0.893237 0.000000 0.000000 0.000000 0.000000 1.000000</float_array><technique_common><accessor source="#jnt_right_toebase-Matrix-animation-output-transform-array" count="15" stride="16"><param type="float4x4"/></accessor></technique_common></source><source id="jnt_right_toebase-Interpolations"><Name_array id="jnt_right_toebase-Interpolations-array" count="15">
 LINEAR LINEAR LINEAR LINEAR LINEAR LINEAR LINEAR LINEAR LINEAR LINEAR LINEAR
LINEAR LINEAR LINEAR LINEAR</Name_array><technique_common><accessor source="#jnt_right_toebase-Interpolations-array" count="15"><param type="name"/></accessor></technique_common></source><sampler id="jnt_right_toebase-Matrix-animation-transform"><input semantic="INPUT" source="#jnt_right_toebase-Matrix-animation-input"/><input semantic="OUTPUT" source="#jnt_right_toebase-Matrix-animation-output-transform"/><input semantic="INTERPOLATION" source="#jnt_right_toebase-Interpolations"/></sampler><channel source="#jnt_right_toebase-Matrix-animation-transform" target="jnt_right_toebase/matrix"/></animation></animation>
    <animation id="jnt_right_toeend-anim" name="jnt_right_toeend"><animation><source id="jnt_right_toeend-Matrix-animation-input"><float_array id="jnt_right_toeend-Matrix-animation-input-array" count="15">

0.000000 0.033333 0.066667 0.100000 0.133333 0.166667 0.200000 0.233333 0.266667 0.300000 0.333333 0.366667 0.400000 0.433333 0.466667</float_array><technique_common><accessor source="#jnt_right_toeend-Matrix-animation-input-array" count="15"><param name="TIME" type="float"/></accessor></technique_common></source><source id="jnt_right_toeend-Matrix-animation-output-transform"><float_array id="jnt_right_toeend-Matrix-animation-output-transform-array" count="240">

1.000000 0.000000 -0.000000 0.379397 0.000000 1.000000 0.000000 0.000000 0.000000 0.000000 1.000000 -0.000000 0.000000 0.000000 0.000000 1.000000
1.000000 0.000000 0.000000 0.379397 -0.000000 1.000000 -0.000000 0.000000 -0.000000 -0.000000 1.000000 -0.000000 0.000000 0.000000 0.000000 1.000000
1.000000 0.000000 0.000000 0.379397 0.000000 1.000000 -0.000000 0.000000 0.000000 -0.000000 1.000000 -0.000000 0.000000 0.000000 0.000000 1.000000
1.000000 0.000000 -0.000000 0.379397 0.000000 1.000000 0.000000 0.000000 0.000000 0.000000 1.000000 -0.000000 0.000000 0.000000 0.000000 1.000000
1.000000 0.000000 0.000000 0.379397 0.000000 1.000000 0.000000 0.000000 0.000000 0.000000 1.000000 -0.000000 0.000000 0.000000 0.000000 1.000000
1.000000 0.000000 0.000000 0.379397 0.000000 1.000000 0.000000 0.000000 0.000000 0.000000 1.000000 -0.000000 0.000000 0.000000 0.000000 1.000000
1.000000 0.000000 0.000000 0.379397 0.000000 1.000000 0.000000 0.000000 -0.000000 0.000000 1.000000 -0.000000 0.000000 0.000000 0.000000 1.000000
1.000000 0.000000 0.000000 0.379397 0.000000 1.000000 -0.000000 0.000000 0.000000 -0.000000 1.000000 0.000000 0.000000 0.000000 0.000000 1.000000
1.000000 -0.000000 0.000000 0.379397 0.000000 1.000000 -0.000000 0.000000 0.000000 0.000000 1.000000 -0.000000 0.000000 0.000000 0.000000 1.000000
1.000000 -0.000000 -0.000000 0.379397 -0.000000 1.000000 0.000000 0.000000 0.000000 0.000000 1.000000 -0.000000 0.000000 0.000000 0.000000 1.000000
1.000000 0.000000 -0.000000 0.379397 0.000000 1.000000 0.000000 0.000000 0.000000 0.000000 1.000000 -0.000000 0.000000 0.000000 0.000000 1.000000
1.000000 0.000000 -0.000000 0.379397 0.000000 1.000000 0.000000 0.000000 -0.000000 0.000000 1.000000 -0.000000 0.000000 0.000000 0.000000 1.000000
1.000000 -0.000000 -0.000000 0.379397 0.000000 1.000000 0.000000 0.000000 0.000000 0.000000 1.000000 -0.000000 0.000000 0.000000 0.000000 1.000000
1.000000 0.000000 0.000000 0.379397 0.000000 1.000000 -0.000000 0.000000 0.000000 -0.000000 1.000000 -0.000000 0.000000 0.000000 0.000000 1.000000
1.000000 0.000000 0.000000 0.379397 0.000000 1.000000 0.000000 0.000000 -0.000000 -0.000000 1.000000 -0.000000 0.000000 0.000000 0.000000 1.000000</float_array><technique_common><accessor source="#jnt_right_toeend-Matrix-animation-output-transform-array" count="15" stride="16"><param type="float4x4"/></accessor></technique_common></source><source id="jnt_right_toeend-Interpolations"><Name_array id="jnt_right_toeend-Interpolations-array" count="15">
 LINEAR LINEAR LINEAR LINEAR LINEAR LINEAR LINEAR LINEAR LINEAR LINEAR LINEAR
LINEAR LINEAR LINEAR LINEAR</Name_array><technique_common><accessor source="#jnt_right_toeend-Interpolations-array" count="15"><param type="name"/></accessor></technique_common></source><sampler id="jnt_right_toeend-Matrix-animation-transform"><input semantic="INPUT" source="#jnt_right_toeend-Matrix-animation-input"/><input semantic="OUTPUT" source="#jnt_right_toeend-Matrix-animation-output-transform"/><input semantic="INTERPOLATION" source="#jnt_right_toeend-Interpolations"/></sampler><channel source="#jnt_right_toeend-Matrix-animation-transform" target="jnt_right_toeend/matrix"/></animation></animation>
    <animation id="jnt_left_upleg-anim" name="jnt_left_upleg"><animation><source id="jnt_left_upleg-Matrix-animation-input"><float_array id="jnt_left_upleg-Matrix-animation-input-array" count="15">

0.000000 0.033333 0.066667 0.100000 0.133333 0.166667 0.200000 0.233333 0.266667 0.300000 0.333333 0.366667 0.400000 0.433333 0.466667</float_array><technique_common><accessor source="#jnt_left_upleg-Matrix-animation-input-array" count="15"><param name="TIME" type="float"/></accessor></technique_common></source><source id="jnt_left_upleg-Matrix-animation-output-transform"><float_array id="jnt_left_upleg-Matrix-animation-output-transform-array" count="240">

0.081311 0.460715 -0.883816 0.446779 -0.977068 -0.138237 -0.161950 -0.111213 -0.196789 0.876717 0.438910 0.043020 0.000000 0.000000 0.000000 1.000000
0.165491 0.728368 -0.664901 0.446779 -0.945228 0.309481 0.103759 -0.111213 0.281349 0.611312 0.739690 0.043020 0.000000 0.000000 0.000000 1.000000
0.228701 0.838913 -0.493884 0.446779 -0.384064 0.543932 0.746078 -0.111213 0.894534 0.019054 0.446594 0.043020 0.000000 0.000000 0.000000 1.000000
0.227315 0.893659 -0.386914 0.446780 0.097293 0.374486 0.922114 -0.111213 0.968949 -0.247254 -0.001820 0.043020 0.000000 0.000000 0.000000 1.000000
0.340836 0.798233 -0.496644 0.446780 -0.080852 0.551207 0.830442 -0.111213 0.936640 -0.242890 0.252410 0.043020 0.000000 0.000000 0.000000 1.000000
0.217947 0.740652 -0.635558 0.446779 -0.252975 0.671828 0.696168 -0.111213 0.942604 0.009053 0.333789 0.043020 0.000000 0.000000 0.000000 1.000000
-0.020989 0.609338 -0.792632 0.446779 -0.492788 0.683507 0.538497 -0.111213 0.869896 0.401902 0.285929 0.043020 0.000000 0.000000 0.000000 1.000000
-0.199073 0.446293 -0.872464 0.446779 -0.388803 0.781248 0.488348 -0.111213 0.899557 0.436433 0.017995 0.043020 0.000000 0.000000 0.000000 1.000000
-0.159505 0.499330 -0.851603 0.446779 -0.381292 0.764544 0.519700 -0.111213 0.910590 0.407604 0.068442 0.043020 0.000000 0.000000 0.000000 1.000000
-0.012753 0.357075 -0.933989 0.446779 -0.679820 0.681880 0.269973 -0.111213 0.733269 0.638387 0.234051 0.043020 0.000000 0.000000 0.000000 1.000000
0.182976 0.221817 -0.957767 0.446779 -0.911374 0.403601 -0.080639 -0.111213 0.368669 0.887639 0.276008 0.043020 0.000000 0.000000 0.000000 1.000000
0.206390 0.193624 -0.959121 0.446779 -0.974568 -0.046779 -0.219157 -0.111213 -0.087301 0.979960 0.179045 0.043020 0.000000 0.000000 0.000000 1.000000
0.075546 0.132486 -0.988302 0.446779 -0.909418 -0.397345 -0.122782 -0.111212 -0.408964 0.908055 0.090467 0.043020 0.000000 0.000000 0.000000 1.000000
-0.025044 0.167082 -0.985625 0.446779 -0.913700 -0.403862 -0.045246 -0.111213 -0.405617 0.899432 0.162777 0.043020 0.000000 0.000000 0.000000 1.000000
0.081298 0.460749 -0.883799 0.446779 -0.977070 -0.138234 -0.161943 -0.111213 -0.196786 0.876699 0.438946 0.043020 0.000000 0.000000 0.000000 1.000000</float_array><technique_common><accessor source="#jnt_left_upleg-Matrix-animation-output-transform-array" count="15" stride="16"><param type="float4x4"/></accessor></technique_common></source><source id="jnt_left_upleg-Interpolations"><Name_array id="jnt_left_upleg-Interpolations-array" count="15">
 LINEAR LINEAR LINEAR LINEAR LINEAR LINEAR LINEAR LINEAR LINEAR LINEAR LINEAR
LINEAR LINEAR LINEAR LINEAR</Name_array><technique_common><accessor source="#jnt_left_upleg-Interpolations-array" count="15"><param type="name"/></accessor></technique_common></source><sampler id="jnt_left_upleg-Matrix-animation-transform"><input semantic="INPUT" source="#jnt_left_upleg-Matrix-animation-input"/><input semantic="OUTPUT" source="#jnt_left_upleg-Matrix-animation-output-transform"/><input semantic="INTERPOLATION" source="#jnt_left_upleg-Interpolations"/></sampler><channel source="#jnt_left_upleg-Matrix-animation-transform" target="jnt_left_upleg/matrix"/></animation></animation>
    <animation id="jnt_left_uplegroll-anim" name="jnt_left_uplegroll"><animation><source id="jnt_left_uplegroll-Matrix-animation-input"><float_array id="jnt_left_uplegroll-Matrix-animation-input-array" count="15">

0.000000 0.033333 0.066667 0.100000 0.133333 0.166667 0.200000 0.233333 0.266667 0.300000 0.333333 0.366667 0.400000 0.433333 0.466667</float_array><technique_common><accessor source="#jnt_left_uplegroll-Matrix-animation-input-array" count="15"><param name="TIME" type="float"/></accessor></technique_common></source><source id="jnt_left_uplegroll-Matrix-animation-output-transform"><float_array id="jnt_left_uplegroll-Matrix-animation-output-transform-array" count="240">

1.000000 0.000000 0.000000 0.430000 0.000000 1.000000 -0.000000 0.000000 0.000000 -0.000000 1.000000 0.000000 0.000000 0.000000 0.000000 1.000000
1.000000 0.000000 0.000000 0.430000 0.000000 1.000000 -0.000000 -0.000000 0.000000 0.000000 1.000000 -0.000000 0.000000 0.000000 0.000000 1.000000
1.000000 0.000000 0.000000 0.430000 0.000000 1.000000 0.000000 -0.000000 -0.000000 0.000000 1.000000 0.000000 0.000000 0.000000 0.000000 1.000000
1.000000 -0.000000 -0.000000 0.430000 0.000000 1.000000 0.000000 0.000000 0.000000 -0.000000 1.000000 -0.000000 0.000000 0.000000 0.000000 1.000000
1.000000 -0.000000 0.000000 0.430000 0.000000 1.000000 0.000000 -0.000000 0.000000 -0.000000 1.000000 -0.000000 0.000000 0.000000 0.000000 1.000000
1.000000 0.000000 -0.000000 0.430000 -0.000000 1.000000 -0.000000 -0.000000 -0.000000 0.000000 1.000000 0.000000 0.000000 0.000000 0.000000 1.000000
1.000000 0.000000 0.000000 0.430000 -0.000000 1.000000 0.000000 0.000000 0.000000 -0.000000 1.000000 0.000000 0.000000 0.000000 0.000000 1.000000
1.000000 -0.000000 0.000000 0.430000 0.000000 1.000000 -0.000000 -0.000000 0.000000 -0.000000 1.000000 -0.000000 0.000000 0.000000 0.000000 1.000000
1.000000 -0.000000 -0.000000 0.430000 -0.000000 1.000000 0.000000 -0.000000 0.000000 -0.000000 1.000000 -0.000000 0.000000 0.000000 0.000000 1.000000
1.000000 0.000000 -0.000000 0.430000 0.000000 1.000000 -0.000000 0.000000 -0.000000 -0.000000 1.000000 0.000000 0.000000 0.000000 0.000000 1.000000
1.000000 0.000000 -0.000000 0.430000 0.000000 1.000000 -0.000000 -0.000000 -0.000000 0.000000 1.000000 0.000000 0.000000 0.000000 0.000000 1.000000
1.000000 -0.000000 -0.000000 0.430000 0.000000 1.000000 0.000000 0.000000 0.000000 -0.000000 1.000000 0.000000 0.000000 0.000000 0.000000 1.000000
1.000000 0.000000 0.000000 0.430000 0.000000 1.000000 -0.000000 0.000000 0.000000 -0.000000 1.000000 0.000000 0.000000 0.000000 0.000000 1.000000
1.000000 -0.000000 0.000000 0.430000 0.000000 1.000000 0.000000 -0.000000 0.000000 -0.000000 1.000000 0.000000 0.000000 0.000000 0.000000 1.000000
1.000000 0.000000 0.000000 0.430000 0.000000 1.000000 0.000000 0.000000 0.000000 0.000000 1.000000 -0.000000 0.000000 0.000000 0.000000 1.000000</float_array><technique_common><accessor source="#jnt_left_uplegroll-Matrix-animation-output-transform-array" count="15" stride="16"><param type="float4x4"/></accessor></technique_common></source><source id="jnt_left_uplegroll-Interpolations"><Name_array id="jnt_left_uplegroll-Interpolations-array" count="15">
 LINEAR LINEAR LINEAR LINEAR LINEAR LINEAR LINEAR LINEAR LINEAR LINEAR LINEAR
LINEAR LINEAR LINEAR LINEAR</Name_array><technique_common><accessor source="#jnt_left_uplegroll-Interpolations-array" count="15"><param type="name"/></accessor></technique_common></source><sampler id="jnt_left_uplegroll-Matrix-animation-transform"><input semantic="INPUT" source="#jnt_left_uplegroll-Matrix-animation-input"/><input semantic="OUTPUT" source="#jnt_left_uplegroll-Matrix-animation-output-transform"/><input semantic="INTERPOLATION" source="#jnt_left_uplegroll-Interpolations"/></sampler><channel source="#jnt_left_uplegroll-Matrix-animation-transform" target="jnt_left_uplegroll/matrix"/></animation></animation>
    <animation id="jnt_left_leg-anim" name="jnt_left_leg"><animation><source id="jnt_left_leg-Matrix-animation-input"><float_array id="jnt_left_leg-Matrix-animation-input-array" count="15">

0.000000 0.033333 0.066667 0.100000 0.133333 0.166667 0.200000 0.233333 0.266667 0.300000 0.333333 0.366667 0.400000 0.433333 0.466667</float_array><technique_common><accessor source="#jnt_left_leg-Matrix-animation-input-array" count="15"><param name="TIME" type="float"/></accessor></technique_common></source><source id="jnt_left_leg-Matrix-animation-output-transform"><float_array id="jnt_left_leg-Matrix-animation-output-transform-array" count="240">

