<?xml version="1.0" encoding="utf-8"?>
<COLLADA xmlns="http://www.collada.org/2005/11/COLLADASchema" version="1.4.1">
  <asset><contributor><author></author><authoring_tool>FBX COLLADA exporter</authoring_tool><comments></comments></contributor><created>2018-04-19T10:22:05Z</created><keywords></keywords><modified>2018-04-19T10:22:05Z</modified><revision></revision><subject></subject><title></title><unit meter="0.010000" name="centimeter"></unit><up_axis>Y_UP</up_axis></asset>
  <library_animations>
    <animation id="jnt_hips-anim" name="jnt_hips"><animation><source id="jnt_hips-Matrix-animation-input"><float_array id="jnt_hips-Matrix-animation-input-array" count="15">

0.000000 0.033333 0.066667 0.100000 0.133333 0.166667 0.200000 0.233333 0.266667 0.300000 0.333333 0.366667 0.400000 0.433333 0.466667</float_array><technique_common><accessor source="#jnt_hips-Matrix-animation-input-array" count="15"><param name="TIME" type="float"/></accessor></technique_common></source><source id="jnt_hips-Matrix-animation-output-transform"><float_array id="jnt_hips-Matrix-animation-output-transform-array" count="240">

0.915815 0.210447 0.342044 0.050470 -0.108833 0.949888 -0.293033 1.872558 -0.386572 0.231139 0.892825 -0.012705 0.000000 0.000000 0.000000 1.000000
0.947743 0.224832 0.226347 0.062578 -0.153393 0.943219 -0.294632 1.774940 -0.279737 0.244515 0.928418 -0.018281 0.000000 0.000000 0.000000 1.000000
0.955918 0.249446 0.154910 0.056510 -0.196172 0.935082 -0.295192 1.649804 -0.218488 0.251790 0.942796 -0.008650 0.000000 0.000000 0.000000 1.000000
0.952161 0.241421 0.187364 0.059205 -0.170479 0.928465 -0.329984 1.717766 -0.253626 0.282256 0.925205 -0.005191 0.000000 0.000000 0.000000 1.000000
0.926480 0.211785 0.311099 0.037334 -0.087077 0.924834 -0.370270 1.865331 -0.366132 0.315958 0.875281 0.012100 0.000000 0.000000 0.000000 1.000000
0.871664 0.196644 0.448923 0.001442 -0.013561 0.925303 -0.378985 1.988643 -0.489915 0.324260 0.809221 0.044145 0.000000 0.000000 0.000000 1.000000
0.802918 0.207825 0.558688 -0.011637 0.019506 0.927592 -0.373086 2.001642 -0.595771 0.310455 0.740726 0.055156 0.000000 0.000000 0.000000 1.000000
0.723692 0.231867 0.650006 -0.015705 0.043780 0.924548 -0.378543 1.882575 -0.688733 0.302406 0.658937 0.060590 0.000000 0.000000 0.000000 1.000000
0.651027 0.256960 0.714238 -0.010382 0.073685 0.915119 -0.396394 1.717509 -0.755470 0.310691 0.576833 0.060038 0.000000 0.000000 0.000000 1.000000
0.636729 0.274604 0.720534 -0.001880 0.069646 0.910138 -0.408410 1.623143 -0.767936 0.310229 0.560386 0.054456 0.000000 0.000000 0.000000 1.000000
0.698963 0.273003 0.660999 0.007634 0.011012 0.920052 -0.391640 1.706060 -0.715073 0.281021 0.640076 0.041354 0.000000 0.000000 0.000000 1.000000
0.784260 0.246369 0.569419 0.030913 -0.044123 0.937602 -0.344899 1.857815 -0.618861 0.245366 0.746194 0.011423 0.000000 0.000000 0.000000 1.000000
0.844546 0.207400 0.493688 0.046412 -0.054363 0.950393 -0.306266 1.958753 -0.532717 0.231817 0.813925 -0.008974 0.000000 0.000000 0.000000 1.000000
0.882446 0.180152 0.434550 0.048575 -0.052252 0.955584 -0.290048 1.971502 -0.467502 0.233246 0.852665 -0.012848 0.000000 0.000000 0.000000 1.000000
0.915815 0.210447 0.342044 0.050004 -0.108833 0.949888 -0.293033 1.872558 -0.386572 0.231139 0.892825 -0.012240 0.000000 0.000000 0.000000 1.000000</float_array><technique_common><accessor source="#jnt_hips-Matrix-animation-output-transform-array" count="15" stride="16"><param type="float4x4"/></accessor></technique_common></source><source id="jnt_hips-Interpolations"><Name_array id="jnt_hips-Interpolations-array" count="15">
 LINEAR LINEAR LINEAR LINEAR LINEAR LINEAR LINEAR LINEAR LINEAR LINEAR LINEAR
LINEAR LINEAR LINEAR LINEAR</Name_array><technique_common><accessor source="#jnt_hips-Interpolations-array" count="15"><param type="name"/></accessor></technique_common></source><sampler id="jnt_hips-Matrix-animation-transform"><input semantic="INPUT" source="#jnt_hips-Matrix-animation-input"/><input semantic="OUTPUT" source="#jnt_hips-Matrix-animation-output-transform"/><input semantic="INTERPOLATION" source="#jnt_hips-Interpolations"/></sampler><channel source="#jnt_hips-Matrix-animation-transform" target="jnt_hips/matrix"/></animation></animation>
    <animation id="jnt_right_upleg-anim" name="jnt_right_upleg"><animation><source id="jnt_right_upleg-Matrix-animation-input"><float_array id="jnt_right_upleg-Matrix-animation-input-array" count="15">

0.000000 0.033333 0.066667 0.100000 0.133333 0.166667 0.200000 0.233333 0.266667 0.300000 0.333333 0.366667 0.400000 0.433333 0.466667</float_array><technique_common><accessor source="#jnt_right_upleg-Matrix-animation-input-array" count="15"><param name="TIME" type="float"/></accessor></technique_common></source><source id="jnt_right_upleg-Matrix-animation-output-transform"><float_array id="jnt_right_upleg-Matrix-animation-output-transform-array" count="240">

0.131259 -0.400002 -0.907067 -0.446779 -0.442084 0.795348 -0.414708 -0.111214 0.887318 0.455434 -0.072438 0.043020 0.000000 0.000000 0.000000 1.000000
0.156151 -0.517638 -0.841230 -0.446780 -0.550061 0.661817 -0.509343 -0.111214 0.820396 0.542262 -0.181389 0.043020 0.000000 0.000000 0.000000 1.000000
0.135610 -0.435634 -0.889850 -0.446780 -0.758211 0.532503 -0.376241 -0.111214 0.637751 0.725716 -0.258090 0.043020 0.000000 0.000000 0.000000 1.000000
0.018042 -0.363851 -0.931283 -0.446780 -0.938185 0.315854 -0.141580 -0.111214 0.345664 0.876270 -0.335661 0.043020 0.000000 0.000000 0.000000 1.000000
-0.058900 -0.373329 -0.925827 -0.446780 -0.997894 -0.003236 0.064790 -0.111214 -0.027183 0.927693 -0.372352 0.043020 0.000000 0.000000 0.000000 1.000000
-0.020577 -0.313568 -0.949343 -0.446780 -0.972908 -0.212423 0.091251 -0.111214 -0.230276 0.925501 -0.300702 0.043020 0.000000 0.000000 0.000000 1.000000
0.044616 -0.302473 -0.952113 -0.446780 -0.974268 -0.223945 0.025490 -0.111214 -0.220931 0.926477 -0.304681 0.043020 0.000000 0.000000 0.000000 1.000000
0.018877 -0.525348 -0.850678 -0.446779 -0.993164 -0.107880 0.044583 -0.111214 -0.115193 0.844021 -0.523793 0.043020 0.000000 0.000000 0.000000 1.000000
-0.130779 -0.755803 -0.641607 -0.446780 -0.990773 0.122852 0.057232 -0.111214 0.035567 0.643171 -0.764896 0.043020 0.000000 0.000000 0.000000 1.000000
-0.254701 -0.862958 -0.436385 -0.446779 -0.900972 0.375682 -0.217055 -0.111214 0.351251 0.337886 -0.873187 0.043020 0.000000 0.000000 0.000000 1.000000
-0.210349 -0.702697 -0.679684 -0.446780 -0.589019 0.645979 -0.485560 -0.111215 0.780263 0.298210 -0.549783 0.043020 0.000000 0.000000 0.000000 1.000000
-0.040724 -0.446706 -0.893754 -0.446780 -0.235969 0.873493 -0.425827 -0.111214 0.970907 0.193557 -0.140981 0.043020 0.000000 0.000000 0.000000 1.000000
0.114967 -0.258266 -0.959209 -0.446780 -0.251724 0.926520 -0.279635 -0.111214 0.960946 0.273605 0.041507 0.043020 0.000000 0.000000 0.000000 1.000000
0.143471 -0.192102 -0.970831 -0.446780 -0.435020 0.868884 -0.236217 -0.111214 0.888917 0.456221 0.041091 0.043020 0.000000 0.000000 0.000000 1.000000
0.131258 -0.399992 -0.907071 -0.446779 -0.442084 0.795353 -0.414700 -0.111214 0.887318 0.455434 -0.072434 0.043020 0.000000 0.000000 0.000000 1.000000</float_array><technique_common><accessor source="#jnt_right_upleg-Matrix-animation-output-transform-array" count="15" stride="16"><param type="float4x4"/></accessor></technique_common></source><source id="jnt_right_upleg-Interpolations"><Name_array id="jnt_right_upleg-Interpolations-array" count="15">
 LINEAR LINEAR LINEAR LINEAR LINEAR LINEAR LINEAR LINEAR LINEAR LINEAR LINEAR
LINEAR LINEAR LINEAR LINEAR</Name_array><technique_common><accessor source="#jnt_right_upleg-Interpolations-array" count="15"><param type="name"/></accessor></technique_common></source><sampler id="jnt_right_upleg-Matrix-animation-transform"><input semantic="INPUT" source="#jnt_right_upleg-Matrix-animation-input"/><input semantic="OUTPUT" source="#jnt_right_upleg-Matrix-animation-output-transform"/><input semantic="INTERPOLATION" source="#jnt_right_upleg-Interpolations"/></sampler><channel source="#jnt_right_upleg-Matrix-animation-transform" target="jnt_right_upleg/matrix"/></animation></animation>
    <animation id="jnt_right_uplegroll-anim" name="jnt_right_uplegroll"><animation><source id="jnt_right_uplegroll-Matrix-animation-input"><float_array id="jnt_right_uplegroll-Matrix-animation-input-array" count="15">

0.000000 0.033333 0.066667 0.100000 0.133333 0.166667 0.200000 0.233333 0.266667 0.300000 0.333333 0.366667 0.400000 0.433333 0.466667</float_array><technique_common><accessor source="#jnt_right_uplegroll-Matrix-animation-input-array" count="15"><param name="TIME" type="float"/></accessor></technique_common></source><source id="jnt_right_uplegroll-Matrix-animation-output-transform"><float_array id="jnt_right_uplegroll-Matrix-animation-output-transform-array" count="240">

1.000000 0.000000 0.000000 0.430000 0.000000 1.000000 0.000000 0.000000 -0.000000 0.000000 1.000000 0.000000 0.000000 0.000000 0.000000 1.000000
1.000000 -0.000000 0.000000 0.430000 -0.000000 1.000000 -0.000000 0.000000 0.000000 -0.000000 1.000000 0.000000 0.000000 0.000000 0.000000 1.000000
1.000000 0.000000 -0.000000 0.430000 -0.000000 1.000000 0.000000 0.000000 0.000000 0.000000 1.000000 0.000000 0.000000 0.000000 0.000000 1.000000
1.000000 -0.000000 -0.000000 0.430000 -0.000000 1.000000 0.000000 0.000000 -0.000000 -0.000000 1.000000 0.000000 0.000000 0.000000 0.000000 1.000000
1.000000 0.000000 0.000000 0.430000 0.000000 1.000000 0.000000 -0.000000 -0.000000 0.000000 1.000000 0.000000 0.000000 0.000000 0.000000 1.000000
1.000000 -0.000000 0.000000 0.430000 0.000000 1.000000 0.000000 0.000000 -0.000000 -0.000000 1.000000 -0.000000 0.000000 0.000000 0.000000 1.000000
1.000000 -0.000000 0.000000 0.430000 0.000000 1.000000 -0.000000 0.000000 0.000000 0.000000 1.000000 0.000000 0.000000 0.000000 0.000000 1.000000
1.000000 0.000000 0.000000 0.430001 0.000000 1.000000 -0.000000 0.000000 0.000000 0.000000 1.000000 0.000000 0.000000 0.000000 0.000000 1.000000
1.000000 -0.000000 -0.000000 0.430001 0.000000 1.000000 0.000000 0.000000 -0.000000 0.000000 1.000000 0.000000 0.000000 0.000000 0.000000 1.000000
1.000000 0.000000 0.000000 0.430001 0.000000 1.000000 0.000000 0.000000 0.000000 0.000000 1.000000 0.000000 0.000000 0.000000 0.000000 1.000000
1.000000 0.000000 -0.000000 0.430000 0.000000 1.000000 0.000000 0.000000 0.000000 -0.000000 1.000000 0.000000 0.000000 0.000000 0.000000 1.000000
1.000000 0.000000 -0.000000 0.430000 0.000000 1.000000 0.000000 -0.000000 0.000000 -0.000000 1.000000 0.000000 0.000000 0.000000 0.000000 1.000000
1.000000 0.000000 -0.000000 0.430001 0.000000 1.000000 0.000000 -0.000000 0.000000 0.000000 1.000000 -0.000000 0.000000 0.000000 0.000000 1.000000
1.000000 0.000000 0.000000 0.430000 0.000000 1.000000 0.000000 -0.000000 0.000000 0.000000 1.000000 0.000000 0.000000 0.000000 0.000000 1.000000
1.000000 -0.000000 0.000000 0.430000 0.000000 1.000000 0.000000 -0.000000 0.000000 -0.000000 1.000000 0.000000 0.000000 0.000000 0.000000 1.000000</float_array><technique_common><accessor source="#jnt_right_uplegroll-Matrix-animation-output-transform-array" count="15" stride="16"><param type="float4x4"/></accessor></technique_common></source><source id="jnt_right_uplegroll-Interpolations"><Name_array id="jnt_right_uplegroll-Interpolations-array" count="15">
 LINEAR LINEAR LINEAR LINEAR LINEAR LINEAR LINEAR LINEAR LINEAR LINEAR LINEAR
LINEAR LINEAR LINEAR LINEAR</Name_array><technique_common><accessor source="#jnt_right_uplegroll-Interpolations-array" count="15"><param type="name"/></accessor></technique_common></source><sampler id="jnt_right_uplegroll-Matrix-animation-transform"><input semantic="INPUT" source="#jnt_right_uplegroll-Matrix-animation-input"/><input semantic="OUTPUT" source="#jnt_right_uplegroll-Matrix-animation-output-transform"/><input semantic="INTERPOLATION" source="#jnt_right_uplegroll-Interpolations"/></sampler><channel source="#jnt_right_uplegroll-Matrix-animation-transform" target="jnt_right_uplegroll/matrix"/></animation></animation>
    <animation id="jnt_right_leg-anim" name="jnt_right_leg"><animation><source id="jnt_right_leg-Matrix-animation-input"><float_array id="jnt_right_leg-Matrix-animation-input-array" count="15">

0.000000 0.033333 0.066667 0.100000 0.133333 0.166667 0.200000 0.233333 0.266667 0.300000 0.333333 0.366667 0.400000 0.433333 0.466667</float_array><technique_common><accessor source="#jnt_right_leg-Matrix-animation-input-array" count="15"><param name="TIME" type="float"/></accessor></technique_common></source><source id="jnt_right_leg-Matrix-animation-output-transform"><float_array id="jnt_right_leg-Matrix-animation-output-transform-array" count="240">

0.486351 0.871004 0.069389 0.860324 -0.872588 0.488280 -0.013117 -0.000000 -0.045306 -0.054168 0.997503 -0.000000 0.000000 0.000000 0.000000 1.000000
0.163465 0.986293 0.022475 0.860325 -0.985881 0.164150 -0.033060 0.000000 -0.036296 -0.016754 0.999201 0.000000 0.000000 0.000000 0.000000 1.000000
0.071069 0.993842 0.085009 0.860324 -0.997464 0.070477 0.009949 0.000000 0.003896 -0.085500 0.996331 0.000000 0.000000 0.000000 0.000000 1.000000
0.296195 0.944914 0.139309 0.860324 -0.954864 0.289521 0.066420 -0.000000 0.022428 -0.152695 0.988019 -0.000000 0.000000 0.000000 0.000000 1.000000
0.688442 0.714883 0.122432 0.860324 -0.725131 0.674869 0.136881 -0.000000 0.015228 -0.183014 0.982992 0.000000 0.000000 0.000000 0.000000 1.000000
0.773396 0.630640 0.064438 0.860324 -0.632536 0.760985 0.144225 -0.000000 0.041918 -0.152303 0.987445 0.000000 0.000000 0.000000 0.000000 1.000000
0.562943 0.820439 0.099879 0.860324 -0.825049 0.550689 0.126636 0.000000 0.048894 -0.153694 0.986908 0.000000 0.000000 0.000000 0.000000 1.000000
0.110321 0.978543 0.174022 0.860325 -0.992487 0.099143 0.071695 0.000136 0.052903 -0.180624 0.982128 -0.000083 0.000000 0.000000 0.000000 1.000000
-0.427315 0.890624 0.155533 0.860325 -0.894588 -0.441406 0.069798 0.000005 0.130817 -0.109312 0.985362 -0.000006 0.000000 0.000000 0.000000 1.000000
-0.659131 0.736440 0.152324 0.860324 -0.694488 -0.673786 0.252387 0.000000 0.288501 0.060569 0.955562 0.000000 0.000000 0.000000 0.000000 1.000000
-0.704246 0.706185 0.073077 0.860324 -0.681148 -0.701104 0.210928 -0.000007 0.200189 0.098769 0.974766 -0.000025 0.000000 0.000000 0.000000 1.000000
-0.396639 0.915307 0.069933 0.860324 -0.906883 -0.402514 0.124680 -0.000211 0.142269 -0.013968 0.989729 0.000071 0.000000 0.000000 0.000000 1.000000
0.262348 0.961452 0.082362 0.860325 -0.959355 0.250672 0.129622 -0.000020 0.103980 -0.113020 0.988137 0.000015 0.000000 0.000000 0.000000 1.000000
0.752472 0.655353 0.065566 0.860325 -0.658536 0.746999 0.091228 -0.000000 0.010809 -0.111825 0.993669 0.000000 0.000000 0.000000 0.000000 1.000000
0.486357 0.871001 0.069384 0.860324 -0.872585 0.488286 -0.013113 0.000000 -0.045300 -0.054166 0.997504 0.000000 0.000000 0.000000 0.000000 1.000000</float_array><technique_common><accessor source="#jnt_right_leg-Matrix-animation-output-transform-array" count="15" stride="16"><param type="float4x4"/></accessor></technique_common></source><source id="jnt_right_leg-Interpolations"><Name_array id="jnt_right_leg-Interpolations-array" count="15">
 LINEAR LINEAR LINEAR LINEAR LINEAR LINEAR LINEAR LINEAR LINEAR LINEAR LINEAR
LINEAR LINEAR LINEAR LINEAR</Name_array><technique_common><accessor source="#jnt_right_leg-Interpolations-array" count="15"><param type="name"/></accessor></technique_common></source><sampler id="jnt_right_leg-Matrix-animation-transform"><input semantic="INPUT" source="#jnt_right_leg-Matrix-animation-input"/><input semantic="OUTPUT" source="#jnt_right_leg-Matrix-animation-output-transform"/><input semantic="INTERPOLATION" source="#jnt_right_leg-Interpolations"/></sampler><channel source="#jnt_right_leg-Matrix-animation-transform" target="jnt_right_leg/matrix"/></animation></animation>
    <animation id="jnt_right_legroll-anim" name="jnt_right_legroll"><animation><source id="jnt_right_legroll-Matrix-animation-input"><float_array id="jnt_right_legroll-Matrix-animation-input-array" count="15">

0.000000 0.033333 0.066667 0.100000 0.133333 0.166667 0.200000 0.233333 0.266667 0.300000 0.333333 0.366667 0.400000 0.433333 0.466667</float_array><technique_common><accessor source="#jnt_right_legroll-Matrix-animation-input-array" count="15"><param name="TIME" type="float"/></accessor></technique_common></source><source id="jnt_right_legroll-Matrix-animation-output-transform"><float_array id="jnt_right_legroll-Matrix-animation-output-transform-array" count="240">

1.000000 -0.000000 -0.000000 0.384000 0.000000 1.000000 -0.000000 -0.000000 0.000000 -0.000000 1.000000 0.000000 0.000000 0.000000 0.000000 1.000000
1.000000 0.000000 -0.000000 0.384000 0.000000 0.999386 -0.035036 -0.000000 -0.000000 0.035036 0.999386 -0.000000 0.000000 0.000000 0.000000 1.000000
1.000000 0.000000 0.000000 0.384000 0.000000 0.998310 -0.058121 -0.000000 0.000000 0.058121 0.998310 0.000000 0.000000 0.000000 0.000000 1.000000
1.000000 0.000000 0.000000 0.384000 -0.000000 0.999177 -0.040560 -0.000000 0.000000 0.040560 0.999177 0.000000 0.000000 0.000000 0.000000 1.000000
1.000000 0.000000 0.000000 0.384000 -0.000000 0.999998 -0.001928 -0.000000 0.000000 0.001928 0.999998 0.000000 0.000000 0.000000 0.000000 1.000000
1.000000 0.000000 0.000000 0.384000 -0.000000 0.999124 0.041842 -0.000000 0.000000 -0.041842 0.999124 0.000000 0.000000 0.000000 0.000000 1.000000
1.000000 0.000000 0.000000 0.384000 0.000000 0.998455 0.055558 0.000000 -0.000000 -0.055558 0.998455 0.000000 0.000000 0.000000 0.000000 1.000000
1.000000 0.000000 -0.000000 0.384000 -0.000000 0.999213 0.039671 0.000000 0.000000 -0.039671 0.999213 0.000000 0.000000 0.000000 0.000000 1.000000
1.000000 -0.000001 -0.000000 0.384000 0.000001 0.999179 0.040511 -0.000000 -0.000000 -0.040511 0.999179 0.000000 0.000000 0.000000 0.000000 1.000000
1.000000 -0.000000 0.000000 0.384000 -0.000000 0.999581 0.028950 -0.000000 0.000000 -0.028950 0.999581 0.000000 0.000000 0.000000 0.000000 1.000000
1.000000 0.000000 0.000000 0.384000 0.000000 0.999933 -0.011573 -0.000000 0.000000 0.011573 0.999933 0.000000 0.000000 0.000000 0.000000 1.000000
1.000000 0.000000 0.000000 0.384000 0.000000 0.999818 -0.019082 -0.000000 0.000000 0.019082 0.999818 0.000000 0.000000 0.000000 0.000000 1.000000
1.000000 -0.000000 -0.000000 0.384000 0.000000 0.999944 -0.010615 -0.000000 0.000000 0.010615 0.999944 0.000000 0.000000 0.000000 0.000000 1.000000
1.000000 -0.000000 -0.000000 0.384000 0.000000 0.999984 0.005703 -0.000000 0.000000 -0.005703 0.999984 0.000000 0.000000 0.000000 0.000000 1.000000
1.000000 0.000000 0.000000 0.384000 0.000000 1.000000 0.000000 -0.000000 -0.000000 0.000000 1.000000 0.000000 0.000000 0.000000 0.000000 1.000000</float_array><technique_common><accessor source="#jnt_right_legroll-Matrix-animation-output-transform-array" count="15" stride="16"><param type="float4x4"/></accessor></technique_common></source><source id="jnt_right_legroll-Interpolations"><Name_array id="jnt_right_legroll-Interpolations-array" count="15">
 LINEAR LINEAR LINEAR LINEAR LINEAR LINEAR LINEAR LINEAR LINEAR LINEAR LINEAR
LINEAR LINEAR LINEAR LINEAR</Name_array><technique_common><accessor source="#jnt_right_legroll-Interpolations-array" count="15"><param type="name"/></accessor></technique_common></source><sampler id="jnt_right_legroll-Matrix-animation-transform"><input semantic="INPUT" source="#jnt_right_legroll-Matrix-animation-input"/><input semantic="OUTPUT" source="#jnt_right_legroll-Matrix-animation-output-transform"/><input semantic="INTERPOLATION" source="#jnt_right_legroll-Interpolations"/></sampler><channel source="#jnt_right_legroll-Matrix-animation-transform" target="jnt_right_legroll/matrix"/></animation></animation>
    <animation id="jnt_right_foot-anim" name="jnt_right_foot"><animation><source id="jnt_right_foot-Matrix-animation-input"><float_array id="jnt_right_foot-Matrix-animation-input-array" count="15">

0.000000 0.033333 0.066667 0.100000 0.133333 0.166667 0.200000 0.233333 0.266667 0.300000 0.333333 0.366667 0.400000 0.433333 0.466667</float_array><technique_common><accessor source="#jnt_right_foot-Matrix-animation-input-array" count="15"><param name="TIME" type="float"/></accessor></technique_common></source><source id="jnt_right_foot-Matrix-animation-output-transform"><float_array id="jnt_right_foot-Matrix-animation-output-transform-array" count="240">

0.475419 -0.853514 -0.213286 0.768145 0.879757 0.461858 0.112760 -0.000000 0.002266 -0.241248 0.970461 0.000000 0.000000 0.000000 0.000000 1.000000
0.161659 -0.796151 -0.583104 0.768145 0.983639 0.177602 0.030210 -0.000000 0.079509 -0.578447 0.811836 -0.000000 0.000000 0.000000 0.000000 1.000000
-0.106867 -0.840626 -0.530969 0.768145 0.992606 -0.059283 -0.105922 -0.000000 0.057564 -0.538362 0.840745 0.000000 0.000000 0.000000 0.000000 1.000000
0.003181 -0.898301 -0.439370 0.768144 0.997536 0.033645 -0.061565 -0.000000 0.070087 -0.438091 0.896194 0.000000 0.000000 0.000000 0.000000 1.000000
0.498598 -0.774589 -0.389117 0.768144 0.856905 0.508183 0.086396 -0.000000 0.130821 -0.376513 0.917128 0.000000 0.000000 0.000000 0.000000 1.000000
0.849856 -0.453590 -0.268331 0.768144 0.507544 0.841545 0.184933 -0.000000 0.141929 -0.293357 0.945409 0.000000 0.000000 0.000000 0.000000 1.000000
0.934823 -0.305748 -0.180620 0.768144 0.331142 0.934243 0.132416 0.000000 0.128257 -0.183597 0.974599 -0.000000 0.000000 0.000000 0.000000 1.000000
0.847075 -0.415657 -0.331201 0.768145 0.433674 0.900817 -0.021366 -0.000000 0.307232 -0.125535 0.943318 -0.000000 0.000000 0.000000 0.000000 1.000000
0.516345 -0.720007 -0.463657 0.768145 0.706608 0.664081 -0.244339 -0.000000 0.483831 -0.201461 0.851658 -0.000000 0.000000 0.000000 0.000000 1.000000
0.237418 -0.867721 -0.436683 0.768144 0.821263 0.419385 -0.386838 0.000000 0.518806 -0.266789 0.812197 0.000000 0.000000 0.000000 0.000000 1.000000
0.094589 -0.941555 -0.323308 0.768145 0.916604 0.209091 -0.340760 0.000000 0.388445 -0.264113 0.882811 -0.000000 0.000000 0.000000 0.000000 1.000000
0.239732 -0.959284 -0.149343 0.768145 0.943056 0.266638 -0.198872 -0.000000 0.230595 -0.093162 0.968580 -0.000000 0.000000 0.000000 0.000000 1.000000
0.414564 -0.906269 0.082537 0.768145 0.905693 0.402059 -0.134422 0.000000 0.088638 0.130479 0.987481 -0.000000 0.000000 0.000000 0.000000 1.000000
0.486436 -0.855724 0.176400 0.768144 0.868867 0.495017 0.005382 0.000000 -0.091926 0.150651 0.984304 0.000000 0.000000 0.000000 0.000000 1.000000
0.475425 -0.853515 -0.213270 0.768145 0.879754 0.461864 0.112761 -0.000000 0.002259 -0.241234 0.970464 0.000000 0.000000 0.000000 0.000000 1.000000</float_array><technique_common><accessor source="#jnt_right_foot-Matrix-animation-output-transform-array" count="15" stride="16"><param type="float4x4"/></accessor></technique_common></source><source id="jnt_right_foot-Interpolations"><Name_array id="jnt_right_foot-Interpolations-array" count="15">
 LINEAR LINEAR LINEAR LINEAR LINEAR LINEAR LINEAR LINEAR LINEAR LINEAR LINEAR
LINEAR LINEAR LINEAR LINEAR</Name_array><technique_common><accessor source="#jnt_right_foot-Interpolations-array" count="15"><param type="name"/></accessor></technique_common></source><sampler id="jnt_right_foot-Matrix-animation-transform"><input semantic="INPUT" source="#jnt_right_foot-Matrix-animation-input"/><input semantic="OUTPUT" source="#jnt_right_foot-Matrix-animation-output-transform"/><input semantic="INTERPOLATION" source="#jnt_right_foot-Interpolations"/></sampler><channel source="#jnt_right_foot-Matrix-animation-transform" target="jnt_right_foot/matrix"/></animation></animation>
    <animation id="jnt_right_toebase-anim" name="jnt_right_toebase"><animation><source id="jnt_right_toebase-Matrix-animation-input"><float_array id="jnt_right_toebase-Matrix-animation-input-array" count="15">

0.000000 0.033333 0.066667 0.100000 0.133333 0.166667 0.200000 0.233333 0.266667 0.300000 0.333333 0.366667 0.400000 0.433333 0.466667</float_array><technique_common><accessor source="#jnt_right_toebase-Matrix-animation-input-array" count="15"><param name="TIME" type="float"/></accessor></technique_common></source><source id="jnt_right_toebase-Matrix-animation-output-transform"><float_array id="jnt_right_toebase-Matrix-animation-output-transform-array" count="240">

0.725370 -0.669923 0.158247 0.441847 0.663275 0.618723 -0.421008 -0.000000 0.184132 0.410348 0.893146 0.000000 0.000000 0.000000 0.000000 1.000000
0.673923 -0.704972 0.221001 0.441847 0.721369 0.563293 -0.402899 -0.000000 0.159544 0.430946 0.888162 0.000000 0.000000 0.000000 0.000000 1.000000
0.737203 -0.648409 0.189993 0.441847 0.661074 0.634042 -0.401213 0.000000 0.139687 0.421375 0.896064 0.000000 0.000000 0.000000 0.000000 1.000000
0.637440 -0.734612 0.232411 0.441847 0.757048 0.541020 -0.366300 -0.000000 0.143349 0.409441 0.901005 0.000000 0.000000 0.000000 0.000000 1.000000
0.488969 -0.829868 0.268752 0.441847 0.858627 0.403553 -0.316076 -0.000000 0.153845 0.385309 0.909873 -0.000000 0.000000 0.000000 0.000000 1.000000
0.662371 -0.726712 0.182083 0.441847 0.737181 0.588906 -0.331291 -0.000000 0.133524 0.353665 0.925793 0.000000 0.000000 0.000000 0.000000 1.000000
0.648606 -0.734574 0.199278 0.441847 0.753216 0.581831 -0.306821 0.000000 0.109437 0.349105 0.930672 -0.000000 0.000000 0.000000 0.000000 1.000000
0.592603 -0.782244 0.192136 0.441847 0.799524 0.542242 -0.258331 -0.000000 0.097893 0.306705 0.946757 0.000000 0.000000 0.000000 0.000000 1.000000
0.553758 -0.817781 0.156802 0.441847 0.828102 0.521148 -0.206523 -0.000000 0.087173 0.244212 0.965796 0.000000 0.000000 0.000000 0.000000 1.000000
0.559457 -0.818872 0.128281 0.441847 0.825885 0.537631 -0.169906 0.000000 0.070163 0.201001 0.977075 -0.000000 0.000000 0.000000 0.000000 1.000000
0.582022 -0.801365 0.138075 0.441847 0.811599 0.561899 -0.159929 -0.000000 0.050577 0.205143 0.977424 -0.000000 0.000000 0.000000 0.000000 1.000000
0.620611 -0.773055 0.131257 0.441847 0.783214 0.603107 -0.151122 -0.000000 0.037663 0.196590 0.979762 0.000000 0.000000 0.000000 0.000000 1.000000
0.650699 -0.751890 0.106079 0.441847 0.758550 0.637295 -0.135858 -0.000000 0.034547 0.168869 0.985033 -0.000000 0.000000 0.000000 0.000000 1.000000
0.765344 -0.643344 0.018893 0.441847 0.640800 0.758914 -0.115867 -0.000000 0.060204 0.100785 0.993085 0.000000 0.000000 0.000000 0.000000 1.000000
0.725370 -0.669923 0.158246 0.441847 0.663275 0.618723 -0.421008 0.000000 0.184132 0.410347 0.893146 -0.000000 0.000000 0.000000 0.000000 1.000000</float_array><technique_common><accessor source="#jnt_right_toebase-Matrix-animation-output-transform-array" count="15" stride="16"><param type="float4x4"/></accessor></technique_common></source><source id="jnt_right_toebase-Interpolations"><Name_array id="jnt_right_toebase-Interpolations-array" count="15">
 LINEAR LINEAR LINEAR LINEAR LINEAR LINEAR LINEAR LINEAR LINEAR LINEAR LINEAR
LINEAR LINEAR LINEAR LINEAR</Name_array><technique_common><accessor source="#jnt_right_toebase-Interpolations-array" count="15"><param type="name"/></accessor></technique_common></source><sampler id="jnt_right_toebase-Matrix-animation-transform"><input semantic="INPUT" source="#jnt_right_toebase-Matrix-animation-input"/><input semantic="OUTPUT" source="#jnt_right_toebase-Matrix-animation-output-transform"/><input semantic="INTERPOLATION" source="#jnt_right_toebase-Interpolations"/></sampler><channel source="#jnt_right_toebase-Matrix-animation-transform" target="jnt_right_toebase/matrix"/></animation></animation>
    <animation id="jnt_right_toeend-anim" name="jnt_right_toeend"><animation><source id="jnt_right_toeend-Matrix-animation-input"><float_array id="jnt_right_toeend-Matrix-animation-input-array" count="15">

0.000000 0.033333 0.066667 0.100000 0.133333 0.166667 0.200000 0.233333 0.266667 0.300000 0.333333 0.366667 0.400000 0.433333 0.466667</float_array><technique_common><accessor source="#jnt_right_toeend-Matrix-animation-input-array" count="15"><param name="TIME" type="float"/></accessor></technique_common></source><source id="jnt_right_toeend-Matrix-animation-output-transform"><float_array id="jnt_right_toeend-Matrix-animation-output-transform-array" count="240">

1.000000 -0.000000 0.000000 0.379397 0.000000 1.000000 -0.000000 0.000000 0.000000 -0.000000 1.000000 -0.000000 0.000000 0.000000 0.000000 1.000000
1.000000 0.000000 0.000000 0.379397 0.000000 1.000000 -0.000000 0.000000 0.000000 -0.000000 1.000000 -0.000000 0.000000 0.000000 0.000000 1.000000
1.000000 0.000000 -0.000000 0.379397 0.000000 1.000000 -0.000000 0.000000 0.000000 -0.000000 1.000000 -0.000000 0.000000 0.000000 0.000000 1.000000
1.000000 -0.000000 0.000000 0.379397 0.000000 1.000000 0.000000 0.000000 0.000000 0.000000 1.000000 -0.000000 0.000000 0.000000 0.000000 1.000000
1.000000 0.000000 0.000000 0.379397 -0.000000 1.000000 -0.000000 0.000000 0.000000 -0.000000 1.000000 0.000000 0.000000 0.000000 0.000000 1.000000
1.000000 0.000000 0.000000 0.379397 0.000000 1.000000 0.000000 0.000000 0.000000 -0.000000 1.000000 0.000000 0.000000 0.000000 0.000000 1.000000
1.000000 0.000000 0.000000 0.379397 0.000000 1.000000 -0.000000 0.000000 0.000000 0.000000 1.000000 0.000000 0.000000 0.000000 0.000000 1.000000
1.000000 0.000000 0.000000 0.379397 0.000000 1.000000 0.000000 0.000000 -0.000000 0.000000 1.000000 0.000000 0.000000 0.000000 0.000000 1.000000
1.000000 -0.000000 -0.000000 0.379397 0.000000 1.000000 0.000000 0.000000 -0.000000 -0.000000 1.000000 -0.000000 0.000000 0.000000 0.000000 1.000000
1.000000 0.000000 -0.000000 0.379397 -0.000000 1.000000 0.000000 0.000000 -0.000000 0.000000 1.000000 0.000000 0.000000 0.000000 0.000000 1.000000
1.000000 0.000000 0.000000 0.379397 -0.000000 1.000000 0.000000 0.000000 0.000000 0.000000 1.000000 -0.000000 0.000000 0.000000 0.000000 1.000000
1.000000 0.000000 -0.000000 0.379397 0.000000 1.000000 0.000000 0.000000 0.000000 0.000000 1.000000 -0.000000 0.000000 0.000000 0.000000 1.000000
1.000000 0.000000 0.000000 0.379397 0.000000 1.000000 -0.000000 0.000000 0.000000 0.000000 1.000000 -0.000000 0.000000 0.000000 0.000000 1.000000
1.000000 -0.000000 -0.000000 0.379397 -0.000000 1.000000 -0.000000 0.000000 0.000000 0.000000 1.000000 -0.000000 0.000000 0.000000 0.000000 1.000000
1.000000 0.000000 0.000000 0.379397 0.000000 1.000000 -0.000000 0.000000 0.000000 -0.000000 1.000000 -0.000000 0.000000 0.000000 0.000000 1.000000</float_array><technique_common><accessor source="#jnt_right_toeend-Matrix-animation-output-transform-array" count="15" stride="16"><param type="float4x4"/></accessor></technique_common></source><source id="jnt_right_toeend-Interpolations"><Name_array id="jnt_right_toeend-Interpolations-array" count="15">
 LINEAR LINEAR LINEAR LINEAR LINEAR LINEAR LINEAR LINEAR LINEAR LINEAR LINEAR
LINEAR LINEAR LINEAR LINEAR</Name_array><technique_common><accessor source="#jnt_right_toeend-Interpolations-array" count="15"><param type="name"/></accessor></technique_common></source><sampler id="jnt_right_toeend-Matrix-animation-transform"><input semantic="INPUT" source="#jnt_right_toeend-Matrix-animation-input"/><input semantic="OUTPUT" source="#jnt_right_toeend-Matrix-animation-output-transform"/><input semantic="INTERPOLATION" source="#jnt_right_toeend-Interpolations"/></sampler><channel source="#jnt_right_toeend-Matrix-animation-transform" target="jnt_right_toeend/matrix"/></animation></animation>
    <animation id="jnt_left_upleg-anim" name="jnt_left_upleg"><animation><source id="jnt_left_upleg-Matrix-animation-input"><float_array id="jnt_left_upleg-Matrix-animation-input-array" count="15">

0.000000 0.033333 0.066667 0.100000 0.133333 0.166667 0.200000 0.233333 0.266667 0.300000 0.333333 0.366667 0.400000 0.433333 0.466667</float_array><technique_common><accessor source="#jnt_left_upleg-Matrix-animation-input-array" count="15"><param name="TIME" type="float"/></accessor></technique_common></source><source id="jnt_left_upleg-Matrix-animation-output-transform"><float_array id="jnt_left_upleg-Matrix-animation-output-transform-array" count="240">

-0.024659 0.597452 -0.801526 0.446779 -0.983079 -0.160069 -0.089070 -0.111213 -0.181515 0.785767 0.591289 0.043020 0.000000 0.000000 0.000000 1.000000
0.114216 0.837681 -0.534084 0.446779 -0.982862 0.173580 0.062061 -0.111213 0.144694 0.517842 0.843151 0.043020 0.000000 0.000000 0.000000 1.000000
0.170625 0.844291 -0.507996 0.446779 -0.686039 0.471859 0.553805 -0.111213 0.707275 0.254011 0.659727 0.043020 0.000000 0.000000 0.000000 1.000000
0.212782 0.858570 -0.466457 0.446780 -0.250314 0.509356 0.823346 -0.111213 0.944493 -0.058432 0.323294 0.043020 0.000000 0.000000 0.000000 1.000000
0.352710 0.776881 -0.521586 0.446780 -0.032539 0.567255 0.822899 -0.111213 0.935167 -0.273273 0.225355 0.043020 0.000000 0.000000 0.000000 1.000000
0.227908 0.699263 -0.677561 0.446779 -0.061745 0.704854 0.706660 -0.111213 0.971723 -0.119217 0.203818 0.043020 0.000000 0.000000 0.000000 1.000000
-0.034464 0.636636 -0.770394 0.446779 -0.317459 0.723955 0.612462 -0.111213 0.947645 0.265676 0.177156 0.043020 0.000000 0.000000 0.000000 1.000000
-0.107932 0.538827 -0.835474 0.446779 -0.327308 0.774272 0.541639 -0.111213 0.938733 0.331917 0.092793 0.043020 0.000000 0.000000 0.000000 1.000000
-0.096181 0.459032 -0.883198 0.446779 -0.395944 0.796444 0.457061 -0.111213 0.913224 0.393658 0.105148 0.043020 0.000000 0.000000 0.000000 1.000000
-0.017232 0.363575 -0.931405 0.446779 -0.720839 0.641034 0.263565 -0.111213 0.692888 0.675935 0.251033 0.043020 0.000000 0.000000 0.000000 1.000000
0.085405 0.293019 -0.952285 0.446779 -0.951245 0.308287 0.009549 -0.111213 0.296375 0.905041 0.305062 0.043021 0.000000 0.000000 0.000000 1.000000
0.052028 0.311490 -0.948824 0.446779 -0.981088 -0.161433 -0.106794 -0.111213 -0.186437 0.936436 0.297200 0.043020 0.000000 0.000000 0.000000 1.000000
-0.109927 0.161247 -0.980773 0.446779 -0.879782 -0.474934 0.020525 -0.111213 -0.462493 0.865123 0.194071 0.043020 0.000000 0.000000 0.000000 1.000000
-0.191417 0.281834 -0.940175 0.446779 -0.907618 -0.415451 0.060250 -0.111212 -0.373616 0.864853 0.335322 0.043020 0.000000 0.000000 0.000000 1.000000
-0.024657 0.597453 -0.801525 0.446779 -0.983079 -0.160066 -0.089071 -0.111213 -0.181513 0.785766 0.591291 0.043020 0.000000 0.000000 0.000000 1.000000</float_array><technique_common><accessor source="#jnt_left_upleg-Matrix-animation-output-transform-array" count="15" stride="16"><param type="float4x4"/></accessor></technique_common></source><source id="jnt_left_upleg-Interpolations"><Name_array id="jnt_left_upleg-Interpolations-array" count="15">
 LINEAR LINEAR LINEAR LINEAR LINEAR LINEAR LINEAR LINEAR LINEAR LINEAR LINEAR
LINEAR LINEAR LINEAR LINEAR</Name_array><technique_common><accessor source="#jnt_left_upleg-Interpolations-array" count="15"><param type="name"/></accessor></technique_common></source><sampler id="jnt_left_upleg-Matrix-animation-transform"><input semantic="INPUT" source="#jnt_left_upleg-Matrix-animation-input"/><input semantic="OUTPUT" source="#jnt_left_upleg-Matrix-animation-output-transform"/><input semantic="INTERPOLATION" source="#jnt_left_upleg-Interpolations"/></sampler><channel source="#jnt_left_upleg-Matrix-animation-transform" target="jnt_left_upleg/matrix"/></animation></animation>
    <animation id="jnt_left_uplegroll-anim" name="jnt_left_uplegroll"><animation><source id="jnt_left_uplegroll-Matrix-animation-input"><float_array id="jnt_left_uplegroll-Matrix-animation-input-array" count="15">

0.000000 0.033333 0.066667 0.100000 0.133333 0.166667 0.200000 0.233333 0.266667 0.300000 0.333333 0.366667 0.400000 0.433333 0.466667</float_array><technique_common><accessor source="#jnt_left_uplegroll-Matrix-animation-input-array" count="15"><param name="TIME" type="float"/></accessor></technique_common></source><source id="jnt_left_uplegroll-Matrix-animation-output-transform"><float_array id="jnt_left_uplegroll-Matrix-animation-output-transform-array" count="240">

1.000000 -0.000000 -0.000000 0.430000 0.000000 1.000000 0.000000 -0.000000 -0.000000 -0.000000 1.000000 0.000000 0.000000 0.000000 0.000000 1.000000
1.000000 0.000000 0.000000 0.430001 0.000000 1.000000 -0.000000 -0.000000 0.000000 0.000000 1.000000 0.000000 0.000000 0.000000 0.000000 1.000000
1.000000 -0.000000 0.000000 0.430000 0.000000 1.000000 -0.000000 0.000000 -0.000000 -0.000000 1.000000 -0.000000 0.000000 0.000000 0.000000 1.000000
1.000000 -0.000000 -0.000000 0.430001 0.000000 1.000000 -0.000000 0.000000 0.000000 -0.000000 1.000000 -0.000000 0.000000 0.000000 0.000000 1.000000
1.000000 0.000000 0.000000 0.430000 0.000000 1.000000 0.000000 -0.000000 0.000000 0.000000 1.000000 0.000000 0.000000 0.000000 0.000000 1.000000
1.000000 -0.000000 -0.000000 0.430000 0.000000 1.000000 -0.000000 0.000000 0.000000 0.000000 1.000000 -0.000000 0.000000 0.000000 0.000000 1.000000
1.000000 -0.000000 0.000000 0.430000 -0.000000 1.000000 0.000000 0.000000 -0.000000 0.000000 1.000000 0.000000 0.000000 0.000000 0.000000 1.000000
1.000000 -0.000000 0.000000 0.430000 0.000000 1.000000 -0.000000 -0.000000 0.000000 0.000000 1.000000 -0.000000 0.000000 0.000000 0.000000 1.000000
1.000000 -0.000000 0.000000 0.430000 -0.000000 1.000000 -0.000000 -0.000000 0.000000 0.000000 1.000000 -0.000000 0.000000 0.000000 0.000000 1.000000
1.000000 0.000000 0.000000 0.430000 -0.000000 1.000000 0.000000 -0.000000 0.000000 0.000000 1.000000 0.000000 0.000000 0.000000 0.000000 1.000000
1.000000 -0.000000 0.000000 0.430000 -0.000000 1.000000 -0.000000 0.000000 -0.000000 0.000000 1.000000 0.000000 0.000000 0.000000 0.000000 1.000000
1.000000 0.000000 0.000000 0.430000 0.000000 1.000000 0.000000 0.000000 0.000000 -0.000000 1.000000 0.000000 0.000000 0.000000 0.000000 1.000000
1.000000 -0.000000 0.000000 0.430000 -0.000000 1.000000 0.000000 0.000000 0.000000 0.000000 1.000000 0.000000 0.000000 0.000000 0.000000 1.000000
1.000000 0.000000 0.000000 0.430000 0.000000 1.000000 0.000000 0.000000 0.000000 0.000000 1.000000 0.000000 0.000000 0.000000 0.000000 1.000000
1.000000 0.000000 0.000000 0.430000 0.000000 1.000000 -0.000000 -0.000000 0.000000 0.000000 1.000000 0.000000 0.000000 0.000000 0.000000 1.000000</float_array><technique_common><accessor source="#jnt_left_uplegroll-Matrix-animation-output-transform-array" count="15" stride="16"><param type="float4x4"/></accessor></technique_common></source><source id="jnt_left_uplegroll-Interpolations"><Name_array id="jnt_left_uplegroll-Interpolations-array" count="15">
 LINEAR LINEAR LINEAR LINEAR LINEAR LINEAR LINEAR LINEAR LINEAR LINEAR LINEAR
LINEAR LINEAR LINEAR LINEAR</Name_array><technique_common><accessor source="#jnt_left_uplegroll-Interpolations-array" count="15"><param type="name"/></accessor></technique_common></source><sampler id="jnt_left_uplegroll-Matrix-animation-transform"><input semantic="INPUT" source="#jnt_left_uplegroll-Matrix-animation-input"/><input semantic="OUTPUT" source="#jnt_left_uplegroll-Matrix-animation-output-transform"/><input semantic="INTERPOLATION" source="#jnt_left_uplegroll-Interpolations"/></sampler><channel source="#jnt_left_uplegroll-Matrix-animation-transform" target="jnt_left_uplegroll/matrix"/></animation></animation>
    <animation id="jnt_left_leg-anim" name="jnt_left_leg"><animation><source id="jnt_left_leg-Matrix-animation-input"><float_array id="jnt_left_leg-Matrix-animation-input-array" count="15">

0.000000 0.033333 0.066667 0.100000 0.133333 0.166667 0.200000 0.233333 0.266667 0.300000 0.333333 0.366667 0.400000 0.433333 0.466667</float_array><technique_common><accessor source="#jnt_left_leg-Matrix-animation-input-array" count="15"><param name="TIME" type="float"/></accessor></technique_common></source><source id="jnt_left_leg-Matrix-animation-output-transform"><float_array id="jnt_left_leg-Matrix-animation-output-transform-array" count="240">

