<?xml version="1.0" encoding="utf-8"?>
<COLLADA xmlns="http://www.collada.org/2005/11/COLLADASchema" version="1.4.1">
  <asset><contributor><author></author><authoring_tool>FBX COLLADA exporter</authoring_tool><comments></comments></contributor><created>2019-02-07T17:54:49Z</created><keywords></keywords><modified>2019-02-07T17:54:49Z</modified><revision></revision><subject></subject><title></title><unit meter="0.010000" name="centimeter"></unit><up_axis>Y_UP</up_axis></asset>
  <library_animations>
    <animation id="root_jnt-anim" name="root_jnt"><animation><source id="root_jnt-Matrix-animation-input"><float_array id="root_jnt-Matrix-animation-input-array" count="19">

0.000000 0.033333 0.066667 0.100000 0.133333 0.166667 0.200000 0.233333 0.266667 0.300000 0.333333 0.366667 0.400000 0.433333 0.466667 0.500000
0.533333 0.566667 0.600000</float_array><technique_common><accessor source="#root_jnt-Matrix-animation-input-array" count="19"><param name="TIME" type="float"/></accessor></technique_common></source><source id="root_jnt-Matrix-animation-output-transform"><float_array id="root_jnt-Matrix-animation-output-transform-array" count="304">

1.000000 0.000000 0.000000 0.000000 0.000000 1.000000 0.000000 0.000000 0.000000 0.000000 1.000000 0.000000 0.000000 0.000000 0.000000 1.000000
1.000000 0.000000 0.000000 0.000000 0.000000 1.000000 0.000000 0.000000 0.000000 0.000000 1.000000 0.000000 0.000000 0.000000 0.000000 1.000000
1.000000 0.000000 0.000000 0.000000 0.000000 1.000000 0.000000 0.000000 0.000000 0.000000 1.000000 0.000000 0.000000 0.000000 0.000000 1.000000
1.000000 0.000000 0.000000 0.000000 0.000000 1.000000 0.000000 0.000000 0.000000 0.000000 1.000000 0.000000 0.000000 0.000000 0.000000 1.000000
1.000000 0.000000 0.000000 0.000000 0.000000 1.000000 0.000000 0.000000 0.000000 0.000000 1.000000 0.000000 0.000000 0.000000 0.000000 1.000000
1.000000 0.000000 0.000000 0.000000 0.000000 1.000000 0.000000 0.000000 0.000000 0.000000 1.000000 0.000000 0.000000 0.000000 0.000000 1.000000
1.000000 0.000000 0.000000 0.000000 0.000000 1.000000 0.000000 0.000000 0.000000 0.000000 1.000000 0.000000 0.000000 0.000000 0.000000 1.000000
1.000000 0.000000 0.000000 0.000000 0.000000 1.000000 0.000000 0.000000 0.000000 0.000000 1.000000 0.000000 0.000000 0.000000 0.000000 1.000000
1.000000 0.000000 0.000000 0.000000 0.000000 1.000000 0.000000 0.000000 0.000000 0.000000 1.000000 0.000000 0.000000 0.000000 0.000000 1.000000
1.000000 0.000000 0.000000 0.000000 0.000000 1.000000 0.000000 0.000000 0.000000 0.000000 1.000000 0.000000 0.000000 0.000000 0.000000 1.000000
1.000000 0.000000 0.000000 0.000000 0.000000 1.000000 0.000000 0.000000 0.000000 0.000000 1.000000 0.000000 0.000000 0.000000 0.000000 1.000000
1.000000 0.000000 0.000000 0.000000 0.000000 1.000000 0.000000 0.000000 0.000000 0.000000 1.000000 0.000000 0.000000 0.000000 0.000000 1.000000
1.000000 0.000000 0.000000 0.000000 0.000000 1.000000 0.000000 0.000000 0.000000 0.000000 1.000000 0.000000 0.000000 0.000000 0.000000 1.000000
1.000000 0.000000 0.000000 0.000000 0.000000 1.000000 0.000000 0.000000 0.000000 0.000000 1.000000 0.000000 0.000000 0.000000 0.000000 1.000000
1.000000 0.000000 0.000000 0.000000 0.000000 1.000000 0.000000 0.000000 0.000000 0.000000 1.000000 0.000000 0.000000 0.000000 0.000000 1.000000
1.000000 0.000000 0.000000 0.000000 0.000000 1.000000 0.000000 0.000000 0.000000 0.000000 1.000000 0.000000 0.000000 0.000000 0.000000 1.000000
1.000000 0.000000 0.000000 0.000000 0.000000 1.000000 0.000000 0.000000 0.000000 0.000000 1.000000 0.000000 0.000000 0.000000 0.000000 1.000000
1.000000 0.000000 0.000000 0.000000 0.000000 1.000000 0.000000 0.000000 0.000000 0.000000 1.000000 0.000000 0.000000 0.000000 0.000000 1.000000
1.000000 0.000000 0.000000 0.000000 0.000000 1.000000 0.000000 0.000000 0.000000 0.000000 1.000000 0.000000 0.000000 0.000000 0.000000 1.000000</float_array><technique_common><accessor source="#root_jnt-Matrix-animation-output-transform-array" count="19" stride="16"><param type="float4x4"/></accessor></technique_common></source><source id="root_jnt-Interpolations"><Name_array id="root_jnt-Interpolations-array" count="19">
 LINEAR LINEAR LINEAR LINEAR LINEAR LINEAR LINEAR LINEAR LINEAR LINEAR LINEAR
LINEAR LINEAR LINEAR LINEAR LINEAR LINEAR LINEAR LINEAR</Name_array><technique_common><accessor source="#root_jnt-Interpolations-array" count="19"><param type="name"/></accessor></technique_common></source><sampler id="root_jnt-Matrix-animation-transform"><input semantic="INPUT" source="#root_jnt-Matrix-animation-input"/><input semantic="OUTPUT" source="#root_jnt-Matrix-animation-output-transform"/><input semantic="INTERPOLATION" source="#root_jnt-Interpolations"/></sampler><channel source="#root_jnt-Matrix-animation-transform" target="root_jnt/matrix"/></animation></animation>
    <animation id="jnt_hips-anim" name="jnt_hips"><animation><source id="jnt_hips-Matrix-animation-input"><float_array id="jnt_hips-Matrix-animation-input-array" count="19">

0.000000 0.033333 0.066667 0.100000 0.133333 0.166667 0.200000 0.233333 0.266667 0.300000 0.333333 0.366667 0.400000 0.433333 0.466667 0.500000
0.533333 0.566667 0.600000</float_array><technique_common><accessor source="#jnt_hips-Matrix-animation-input-array" count="19"><param name="TIME" type="float"/></accessor></technique_common></source><source id="jnt_hips-Matrix-animation-output-transform"><float_array id="jnt_hips-Matrix-animation-output-transform-array" count="304">

0.977722 0.209903 0.001164 0.000000 -0.209900 0.977638 0.012902 4.862378 0.001570 -0.012859 0.999916 -0.094053 0.000000 0.000000 0.000000 1.000000
0.977722 0.209903 0.001164 0.000000 -0.209900 0.977638 0.012902 4.862378 0.001570 -0.012859 0.999916 -0.094053 0.000000 0.000000 0.000000 1.000000
0.977722 0.209903 0.001164 0.000000 -0.209900 0.977638 0.012902 4.862378 0.001570 -0.012859 0.999916 -0.094053 0.000000 0.000000 0.000000 1.000000
0.977722 0.209903 0.001164 0.000000 -0.209900 0.977638 0.012902 4.862378 0.001570 -0.012859 0.999916 -0.094053 0.000000 0.000000 0.000000 1.000000
0.977722 0.209903 0.001164 0.000000 -0.209900 0.977638 0.012902 4.862378 0.001570 -0.012859 0.999916 -0.094053 0.000000 0.000000 0.000000 1.000000
0.977722 0.209903 0.001164 0.000000 -0.209900 0.977638 0.012902 4.862378 0.001570 -0.012859 0.999916 -0.094053 0.000000 0.000000 0.000000 1.000000
0.977722 0.209903 0.001164 0.000000 -0.209900 0.977638 0.012902 4.862378 0.001570 -0.012859 0.999916 -0.094053 0.000000 0.000000 0.000000 1.000000
0.977722 0.209903 0.001164 0.000000 -0.209900 0.977638 0.012902 4.862378 0.001570 -0.012859 0.999916 -0.094053 0.000000 0.000000 0.000000 1.000000
0.977722 0.209903 0.001164 0.000000 -0.209900 0.977638 0.012902 4.862378 0.001570 -0.012859 0.999916 -0.094053 0.000000 0.000000 0.000000 1.000000
0.977722 0.209903 0.001164 0.000000 -0.209900 0.977638 0.012902 4.862378 0.001570 -0.012859 0.999916 -0.094053 0.000000 0.000000 0.000000 1.000000
0.977722 0.209903 0.001164 0.000000 -0.209900 0.977638 0.012902 4.862378 0.001570 -0.012859 0.999916 -0.094053 0.000000 0.000000 0.000000 1.000000
0.977722 0.209903 0.001164 0.000000 -0.209900 0.977638 0.012902 4.862378 0.001570 -0.012859 0.999916 -0.094053 0.000000 0.000000 0.000000 1.000000
0.977722 0.209903 0.001164 0.000000 -0.209900 0.977638 0.012902 4.862378 0.001570 -0.012859 0.999916 -0.094053 0.000000 0.000000 0.000000 1.000000
0.977722 0.209903 0.001164 0.000000 -0.209900 0.977638 0.012902 4.862378 0.001570 -0.012859 0.999916 -0.094053 0.000000 0.000000 0.000000 1.000000
0.977722 0.209903 0.001164 0.000000 -0.209900 0.977638 0.012902 4.862378 0.001570 -0.012859 0.999916 -0.094053 0.000000 0.000000 0.000000 1.000000
0.977722 0.209903 0.001164 0.000000 -0.209900 0.977638 0.012902 4.862378 0.001570 -0.012859 0.999916 -0.094053 0.000000 0.000000 0.000000 1.000000
0.977722 0.209903 0.001164 0.000000 -0.209900 0.977638 0.012902 4.862378 0.001570 -0.012859 0.999916 -0.094053 0.000000 0.000000 0.000000 1.000000
0.977722 0.209903 0.001164 0.000000 -0.209900 0.977638 0.012902 4.862378 0.001570 -0.012859 0.999916 -0.094053 0.000000 0.000000 0.000000 1.000000
0.977722 0.209903 0.001164 0.000000 -0.209900 0.977638 0.012902 4.862378 0.001570 -0.012859 0.999916 -0.094053 0.000000 0.000000 0.000000 1.000000</float_array><technique_common><accessor source="#jnt_hips-Matrix-animation-output-transform-array" count="19" stride="16"><param type="float4x4"/></accessor></technique_common></source><source id="jnt_hips-Interpolations"><Name_array id="jnt_hips-Interpolations-array" count="19">
 LINEAR LINEAR LINEAR LINEAR LINEAR LINEAR LINEAR LINEAR LINEAR LINEAR LINEAR
LINEAR LINEAR LINEAR LINEAR LINEAR LINEAR LINEAR LINEAR</Name_array><technique_common><accessor source="#jnt_hips-Interpolations-array" count="19"><param type="name"/></accessor></technique_common></source><sampler id="jnt_hips-Matrix-animation-transform"><input semantic="INPUT" source="#jnt_hips-Matrix-animation-input"/><input semantic="OUTPUT" source="#jnt_hips-Matrix-animation-output-transform"/><input semantic="INTERPOLATION" source="#jnt_hips-Interpolations"/></sampler><channel source="#jnt_hips-Matrix-animation-transform" target="jnt_hips/matrix"/></animation></animation>
    <animation id="jnt_pelvis-anim" name="jnt_pelvis"><animation><source id="jnt_pelvis-Matrix-animation-input"><float_array id="jnt_pelvis-Matrix-animation-input-array" count="19">

0.000000 0.033333 0.066667 0.100000 0.133333 0.166667 0.200000 0.233333 0.266667 0.300000 0.333333 0.366667 0.400000 0.433333 0.466667 0.500000
0.533333 0.566667 0.600000</float_array><technique_common><accessor source="#jnt_pelvis-Matrix-animation-input-array" count="19"><param name="TIME" type="float"/></accessor></technique_common></source><source id="jnt_pelvis-Matrix-animation-output-transform"><float_array id="jnt_pelvis-Matrix-animation-output-transform-array" count="304">

0.896613 0.442404 0.019072 -0.122326 -0.438495 0.893044 -0.100969 -0.720826 -0.061701 0.082167 0.994707 -0.345990 0.000000 0.000000 0.000000 1.000000
0.896613 0.442404 0.019072 -0.122326 -0.438495 0.893044 -0.100969 -0.726864 -0.061701 0.082167 0.994707 -0.345990 0.000000 0.000000 0.000000 1.000000
0.896613 0.442404 0.019072 -0.122326 -0.438495 0.893044 -0.100969 -0.741957 -0.061701 0.082167 0.994707 -0.345990 0.000000 0.000000 0.000000 1.000000
0.896613 0.442404 0.019072 -0.122326 -0.438495 0.893044 -0.100969 -0.761577 -0.061701 0.082167 0.994707 -0.345990 0.000000 0.000000 0.000000 1.000000
0.896613 0.442404 0.019072 -0.122326 -0.438495 0.893044 -0.100969 -0.781198 -0.061701 0.082167 0.994707 -0.345990 0.000000 0.000000 0.000000 1.000000
0.896613 0.442404 0.019072 -0.122326 -0.438495 0.893044 -0.100969 -0.796291 -0.061701 0.082167 0.994707 -0.345990 0.000000 0.000000 0.000000 1.000000
0.896613 0.442404 0.019072 -0.122326 -0.438495 0.893044 -0.100969 -0.802328 -0.061701 0.082167 0.994707 -0.345990 0.000000 0.000000 0.000000 1.000000
0.896613 0.442404 0.019072 -0.122326 -0.438495 0.893044 -0.100969 -0.800725 -0.061701 0.082167 0.994707 -0.345990 0.000000 0.000000 0.000000 1.000000
0.896613 0.442404 0.019072 -0.122326 -0.438495 0.893044 -0.100969 -0.796291 -0.061701 0.082167 0.994707 -0.345990 0.000000 0.000000 0.000000 1.000000
0.896613 0.442404 0.019072 -0.122326 -0.438495 0.893044 -0.100969 -0.789594 -0.061701 0.082167 0.994707 -0.345990 0.000000 0.000000 0.000000 1.000000
0.896613 0.442404 0.019072 -0.122326 -0.438495 0.893044 -0.100969 -0.781198 -0.061701 0.082167 0.994707 -0.345990 0.000000 0.000000 0.000000 1.000000
0.896613 0.442404 0.019072 -0.122326 -0.438495 0.893044 -0.100969 -0.771671 -0.061701 0.082167 0.994707 -0.345990 0.000000 0.000000 0.000000 1.000000
0.896613 0.442404 0.019072 -0.122326 -0.438495 0.893044 -0.100969 -0.761577 -0.061701 0.082167 0.994707 -0.345990 0.000000 0.000000 0.000000 1.000000
0.896613 0.442404 0.019072 -0.122326 -0.438495 0.893044 -0.100969 -0.751484 -0.061701 0.082167 0.994707 -0.345990 0.000000 0.000000 0.000000 1.000000
0.896613 0.442404 0.019072 -0.122326 -0.438495 0.893044 -0.100969 -0.741957 -0.061701 0.082167 0.994707 -0.345990 0.000000 0.000000 0.000000 1.000000
0.896613 0.442404 0.019072 -0.122326 -0.438495 0.893044 -0.100969 -0.733561 -0.061701 0.082167 0.994707 -0.345990 0.000000 0.000000 0.000000 1.000000
0.896613 0.442404 0.019072 -0.122326 -0.438495 0.893044 -0.100969 -0.726864 -0.061701 0.082167 0.994707 -0.345990 0.000000 0.000000 0.000000 1.000000
0.896613 0.442404 0.019072 -0.122326 -0.438495 0.893044 -0.100969 -0.722430 -0.061701 0.082167 0.994707 -0.345990 0.000000 0.000000 0.000000 1.000000
0.896613 0.442404 0.019072 -0.122326 -0.438495 0.893044 -0.100969 -0.720826 -0.061701 0.082167 0.994707 -0.345990 0.000000 0.000000 0.000000 1.000000</float_array><technique_common><accessor source="#jnt_pelvis-Matrix-animation-output-transform-array" count="19" stride="16"><param type="float4x4"/></accessor></technique_common></source><source id="jnt_pelvis-Interpolations"><Name_array id="jnt_pelvis-Interpolations-array" count="19">
 LINEAR LINEAR LINEAR LINEAR LINEAR LINEAR LINEAR LINEAR LINEAR LINEAR LINEAR
LINEAR LINEAR LINEAR LINEAR LINEAR LINEAR LINEAR LINEAR</Name_array><technique_common><accessor source="#jnt_pelvis-Interpolations-array" count="19"><param type="name"/></accessor></technique_common></source><sampler id="jnt_pelvis-Matrix-animation-transform"><input semantic="INPUT" source="#jnt_pelvis-Matrix-animation-input"/><input semantic="OUTPUT" source="#jnt_pelvis-Matrix-animation-output-transform"/><input semantic="INTERPOLATION" source="#jnt_pelvis-Interpolations"/></sampler><channel source="#jnt_pelvis-Matrix-animation-transform" target="jnt_pelvis/matrix"/></animation></animation>
    <animation id="jnt_left_leg1-anim" name="jnt_left_leg1"><animation><source id="jnt_left_leg1-Matrix-animation-input"><float_array id="jnt_left_leg1-Matrix-animation-input-array" count="19">

0.000000 0.033333 0.066667 0.100000 0.133333 0.166667 0.200000 0.233333 0.266667 0.300000 0.333333 0.366667 0.400000 0.433333 0.466667 0.500000
0.533333 0.566667 0.600000</float_array><technique_common><accessor source="#jnt_left_leg1-Matrix-animation-input-array" count="19"><param name="TIME" type="float"/></accessor></technique_common></source><source id="jnt_left_leg1-Matrix-animation-output-transform"><float_array id="jnt_left_leg1-Matrix-animation-output-transform-array" count="304">

0.818508 0.321372 -0.476198 0.500157 -0.515890 0.775894 -0.363106 -0.457422 0.252787 0.542871 0.800868 0.000000 0.000000 0.000000 0.000000 1.000000
0.812824 0.327391 -0.481801 0.500157 -0.523860 0.772536 -0.358830 -0.457422 0.254731 0.544062 0.799443 -0.000000 0.000000 0.000000 0.000000 1.000000
0.797629 0.342912 -0.496184 0.500157 -0.544376 0.763505 -0.347440 -0.457422 0.259698 0.547239 0.795667 -0.000000 0.000000 0.000000 0.000000 1.000000
0.775828 0.363873 -0.515449 0.500157 -0.571997 0.750420 -0.331195 -0.457422 0.266290 0.551785 0.790330 -0.000000 0.000000 0.000000 0.000000 1.000000
0.750463 0.386553 -0.536080 0.500157 -0.601773 0.735027 -0.312417 -0.457422 0.273267 0.557056 0.784228 0.000000 0.000000 0.000000 0.000000 1.000000
0.724529 0.408088 -0.555447 0.500157 -0.629928 0.719126 -0.293340 -0.457422 0.279729 0.562425 0.778094 0.000000 0.000000 0.000000 0.000000 1.000000
0.700733 0.426547 -0.571866 0.500157 -0.653968 0.704407 -0.275928 -0.457422 0.285130 0.567334 0.772549 0.000000 0.000000 0.000000 0.000000 1.000000
0.681368 0.440741 -0.584367 0.500157 -0.672389 0.692346 -0.261820 -0.457422 0.289189 0.571318 0.768092 0.000000 0.000000 0.000000 0.000000 1.000000
0.668387 0.449870 -0.592347 0.500157 -0.684206 0.684223 -0.252391 -0.457422 0.291755 0.573982 0.765130 0.000000 0.000000 0.000000 0.000000 1.000000
0.663628 0.453143 -0.595197 0.500157 -0.688437 0.681237 -0.248939 -0.457422 0.292665 0.574958 0.764049 0.000000 0.000000 0.000000 0.000000 1.000000
0.668387 0.449870 -0.592347 0.500157 -0.684206 0.684223 -0.252391 -0.457422 0.291755 0.573982 0.765130 0.000000 0.000000 0.000000 0.000000 1.000000
0.681368 0.440741 -0.584367 0.500157 -0.672389 0.692346 -0.261820 -0.457422 0.289189 0.571318 0.768092 0.000000 0.000000 0.000000 0.000000 1.000000
0.700733 0.426547 -0.571866 0.500157 -0.653968 0.704407 -0.275928 -0.457422 0.285130 0.567334 0.772549 -0.000000 0.000000 0.000000 0.000000 1.000000
0.724529 0.408088 -0.555447 0.500157 -0.629928 0.719126 -0.293340 -0.457422 0.279729 0.562425 0.778094 0.000000 0.000000 0.000000 0.000000 1.000000
0.750463 0.386553 -0.536080 0.500157 -0.601773 0.735027 -0.312417 -0.457422 0.273267 0.557056 0.784228 0.000000 0.000000 0.000000 0.000000 1.000000
0.775828 0.363873 -0.515449 0.500157 -0.571997 0.750420 -0.331195 -0.457422 0.266290 0.551785 0.790330 0.000000 0.000000 0.000000 0.000000 1.000000
0.797629 0.342912 -0.496184 0.500157 -0.544376 0.763505 -0.347440 -0.457422 0.259698 0.547239 0.795667 -0.000000 0.000000 0.000000 0.000000 1.000000
0.812824 0.327391 -0.481801 0.500157 -0.523860 0.772536 -0.358830 -0.457422 0.254731 0.544062 0.799443 0.000000 0.000000 0.000000 0.000000 1.000000
0.818508 0.321372 -0.476198 0.500157 -0.515890 0.775894 -0.363106 -0.457422 0.252787 0.542871 0.800868 0.000000 0.000000 0.000000 0.000000 1.000000</float_array><technique_common><accessor source="#jnt_left_leg1-Matrix-animation-output-transform-array" count="19" stride="16"><param type="float4x4"/></accessor></technique_common></source><source id="jnt_left_leg1-Interpolations"><Name_array id="jnt_left_leg1-Interpolations-array" count="19">
 LINEAR LINEAR LINEAR LINEAR LINEAR LINEAR LINEAR LINEAR LINEAR LINEAR LINEAR
LINEAR LINEAR LINEAR LINEAR LINEAR LINEAR LINEAR LINEAR</Name_array><technique_common><accessor source="#jnt_left_leg1-Interpolations-array" count="19"><param type="name"/></accessor></technique_common></source><sampler id="jnt_left_leg1-Matrix-animation-transform"><input semantic="INPUT" source="#jnt_left_leg1-Matrix-animation-input"/><input semantic="OUTPUT" source="#jnt_left_leg1-Matrix-animation-output-transform"/><input semantic="INTERPOLATION" source="#jnt_left_leg1-Interpolations"/></sampler><channel source="#jnt_left_leg1-Matrix-animation-transform" target="jnt_left_leg1/matrix"/></animation></animation>
    <animation id="jnt_left_leg2-anim" name="jnt_left_leg2"><animation><source id="jnt_left_leg2-Matrix-animation-input"><float_array id="jnt_left_leg2-Matrix-animation-input-array" count="19">

0.000000 0.033333 0.066667 0.100000 0.133333 0.166667 0.200000 0.233333 0.266667 0.300000 0.333333 0.366667 0.400000 0.433333 0.466667 0.500000
0.533333 0.566667 0.600000</float_array><technique_common><accessor source="#jnt_left_leg2-Matrix-animation-input-array" count="19"><param name="TIME" type="float"/></accessor></technique_common></source><source id="jnt_left_leg2-Matrix-animation-output-transform"><float_array id="jnt_left_leg2-Matrix-animation-output-transform-array" count="304">

1.000000 0.000000 0.000000 0.572971 -0.000000 1.000000 -0.000000 0.016592 -0.000000 -0.000000 1.000000 -0.000000 0.000000 0.000000 0.000000 1.000000
1.000000 0.000000 -0.000000 0.572971 -0.000000 1.000000 0.000000 0.016592 -0.000000 -0.000000 1.000000 -0.000000 0.000000 0.000000 0.000000 1.000000
1.000000 -0.000000 0.000000 0.572971 0.000000 1.000000 -0.000000 0.016592 0.000000 -0.000000 1.000000 -0.000000 0.000000 0.000000 0.000000 1.000000
1.000000 0.000000 -0.000000 0.572971 -0.000000 1.000000 0.000000 0.016592 0.000000 0.000000 1.000000 -0.000000 0.000000 0.000000 0.000000 1.000000
1.000000 0.000000 -0.000000 0.572971 0.000000 1.000000 -0.000000 0.016592 0.000000 0.000000 1.000000 -0.000000 0.000000 0.000000 0.000000 1.000000
1.000000 0.000000 0.000000 0.572971 -0.000000 1.000000 -0.000000 0.016592 0.000000 0.000000 1.000000 -0.000000 0.000000 0.000000 0.000000 1.000000
1.000000 -0.000000 0.000000 0.572971 -0.000000 1.000000 0.000000 0.016592 0.000000 0.000000 1.000000 -0.000000 0.000000 0.000000 0.000000 1.000000
1.000000 0.000000 0.000000 0.572971 -0.000000 1.000000 0.000000 0.016592 -0.000000 -0.000000 1.000000 -0.000000 0.000000 0.000000 0.000000 1.000000
1.000000 0.000000 0.000000 0.572971 0.000000 1.000000 0.000000 0.016592 0.000000 0.000000 1.000000 -0.000000 0.000000 0.000000 0.000000 1.000000
1.000000 -0.000000 0.000000 0.572971 -0.000000 1.000000 0.000000 0.016592 0.000000 -0.000000 1.000000 -0.000000 0.000000 0.000000 0.000000 1.000000
1.000000 0.000000 0.000000 0.572971 0.000000 1.000000 0.000000 0.016592 0.000000 0.000000 1.000000 -0.000000 0.000000 0.000000 0.000000 1.000000
1.000000 0.000000 -0.000000 0.572971 -0.000000 1.000000 -0.000000 0.016592 0.000000 0.000000 1.000000 -0.000000 0.000000 0.000000 0.000000 1.000000
1.000000 0.000000 0.000000 0.572971 -0.000000 1.000000 0.000000 0.016592 0.000000 0.000000 1.000000 -0.000000 0.000000 0.000000 0.000000 1.000000
1.000000 -0.000000 -0.000000 0.572971 -0.000000 1.000000 0.000000 0.016592 0.000000 -0.000000 1.000000 -0.000000 0.000000 0.000000 0.000000 1.000000
1.000000 0.000000 -0.000000 0.572971 0.000000 1.000000 -0.000000 0.016592 0.000000 0.000000 1.000000 -0.000000 0.000000 0.000000 0.000000 1.000000
1.000000 0.000000 0.000000 0.572971 -0.000000 1.000000 -0.000000 0.016592 0.000000 -0.000000 1.000000 -0.000000 0.000000 0.000000 0.000000 1.000000
1.000000 -0.000000 0.000000 0.572971 0.000000 1.000000 -0.000000 0.016592 0.000000 -0.000000 1.000000 -0.000000 0.000000 0.000000 0.000000 1.000000
1.000000 0.000000 0.000000 0.572971 -0.000000 1.000000 0.000000 0.016592 -0.000000 -0.000000 1.000000 -0.000000 0.000000 0.000000 0.000000 1.000000
1.000000 0.000000 0.000000 0.572971 -0.000000 1.000000 -0.000000 0.016592 -0.000000 -0.000000 1.000000 -0.000000 0.000000 0.000000 0.000000 1.000000</float_array><technique_common><accessor source="#jnt_left_leg2-Matrix-animation-output-transform-array" count="19" stride="16"><param type="float4x4"/></accessor></technique_common></source><source id="jnt_left_leg2-Interpolations"><Name_array id="jnt_left_leg2-Interpolations-array" count="19">
 LINEAR LINEAR LINEAR LINEAR LINEAR LINEAR LINEAR LINEAR LINEAR LINEAR LINEAR
LINEAR LINEAR LINEAR LINEAR LINEAR LINEAR LINEAR LINEAR</Name_array><technique_common><accessor source="#jnt_left_leg2-Interpolations-array" count="19"><param type="name"/></accessor></technique_common></source><sampler id="jnt_left_leg2-Matrix-animation-transform"><input semantic="INPUT" source="#jnt_left_leg2-Matrix-animation-input"/><input semantic="OUTPUT" source="#jnt_left_leg2-Matrix-animation-output-transform"/><input semantic="INTERPOLATION" source="#jnt_left_leg2-Interpolations"/></sampler><channel source="#jnt_left_leg2-Matrix-animation-transform" target="jnt_left_leg2/matrix"/></animation></animation>
    <animation id="jnt_left_leg3-anim" name="jnt_left_leg3"><animation><source id="jnt_left_leg3-Matrix-animation-input"><float_array id="jnt_left_leg3-Matrix-animation-input-array" count="19">

0.000000 0.033333 0.066667 0.100000 0.133333 0.166667 0.200000 0.233333 0.266667 0.300000 0.333333 0.366667 0.400000 0.433333 0.466667 0.500000
0.533333 0.566667 0.600000</float_array><technique_common><accessor source="#jnt_left_leg3-Matrix-animation-input-array" count="19"><param name="TIME" type="float"/></accessor></technique_common></source><source id="jnt_left_leg3-Matrix-animation-output-transform"><float_array id="jnt_left_leg3-Matrix-animation-output-transform-array" count="304">

0.779356 0.478356 -0.404697 1.109408 -0.467239 0.874023 0.133308 -0.115050 0.417484 0.085196 0.904682 -0.000000 0.000000 0.000000 0.000000 1.000000
0.785555 0.472864 -0.399129 1.109408 -0.462093 0.877272 0.129860 -0.115050 0.411551 0.082422 0.907652 -0.000000 0.000000 0.000000 0.000000 1.000000
0.801340 0.458343 -0.384417 1.109408 -0.448451 0.885572 0.121051 -0.115050 0.395912 0.075389 0.915189 -0.000000 0.000000 0.000000 0.000000 1.000000
0.822177 0.437883 -0.363708 1.109408 -0.429144 0.896593 0.109347 -0.115050 0.373979 0.066180 0.925073 -0.000000 0.000000 0.000000 0.000000 1.000000
0.844066 0.414563 -0.340134 1.109408 -0.407024 0.908258 0.096946 -0.115050 0.349120 0.056614 0.935366 -0.000000 0.000000 0.000000 0.000000 1.000000
0.864162 0.391190 -0.316536 1.109408 -0.384743 0.919060 0.085447 -0.115050 0.324341 0.047945 0.944724 -0.000000 0.000000 0.000000 0.000000 1.000000
0.880811 0.370112 -0.295278 1.109408 -0.364560 0.928088 0.075820 -0.115050 0.302106 0.040863 0.952398 -0.000000 0.000000 0.000000 0.000000 1.000000
0.893220 0.353194 -0.278231 1.109408 -0.348303 0.934870 0.068575 -0.115050 0.284330 0.035656 0.958063 -0.000000 0.000000 0.000000 0.000000 1.000000
0.901008 0.341963 -0.266921 1.109408 -0.337483 0.939154 0.063992 -0.115050 0.272563 0.032424 0.961592 -0.000000 0.000000 0.000000 0.000000 1.000000
0.903762 0.337865 -0.262796 1.109408 -0.333530 0.940674 0.062365 -0.115050 0.268277 0.031288 0.962834 0.000000 0.000000 0.000000 0.000000 1.000000
0.901008 0.341963 -0.266921 1.109408 -0.337483 0.939154 0.063992 -0.115050 0.272563 0.032424 0.961592 -0.000000 0.000000 0.000000 0.000000 1.000000
0.893220 0.353194 -0.278231 1.109408 -0.348303 0.934870 0.068575 -0.115050 0.284330 0.035656 0.958063 -0.000000 0.000000 0.000000 0.000000 1.000000
0.880811 0.370112 -0.295278 1.109408 -0.364560 0.928088 0.075820 -0.115050 0.302106 0.040863 0.952398 -0.000000 0.000000 0.000000 0.000000 1.000000
0.864162 0.391190 -0.316536 1.109408 -0.384743 0.919060 0.085447 -0.115050 0.324341 0.047945 0.944724 -0.000000 0.000000 0.000000 0.000000 1.000000
0.844066 0.414563 -0.340134 1.109408 -0.407024 0.908258 0.096946 -0.115050 0.349120 0.056614 0.935366 -0.000000 0.000000 0.000000 0.000000 1.000000
0.822177 0.437883 -0.363708 1.109408 -0.429144 0.896593 0.109347 -0.115050 0.373979 0.066180 0.925073 -0.000000 0.000000 0.000000 0.000000 1.000000
0.801340 0.458343 -0.384417 1.109408 -0.448452 0.885572 0.121051 -0.115050 0.395912 0.075389 0.915189 -0.000000 0.000000 0.000000 0.000000 1.000000
0.785555 0.472864 -0.399129 1.109408 -0.462093 0.877272 0.129860 -0.115050 0.411551 0.082422 0.907652 -0.000000 0.000000 0.000000 0.000000 1.000000
0.779356 0.478356 -0.404697 1.109408 -0.467239 0.874023 0.133308 -0.115050 0.417484 0.085196 0.904682 -0.000000 0.000000 0.000000 0.000000 1.000000</float_array><technique_common><accessor source="#jnt_left_leg3-Matrix-animation-output-transform-array" count="19" stride="16"><param type="float4x4"/></accessor></technique_common></source><source id="jnt_left_leg3-Interpolations"><Name_array id="jnt_left_leg3-Interpolations-array" count="19">
 LINEAR LINEAR LINEAR LINEAR LINEAR LINEAR LINEAR LINEAR LINEAR LINEAR LINEAR
LINEAR LINEAR LINEAR LINEAR LINEAR LINEAR LINEAR LINEAR</Name_array><technique_common><accessor source="#jnt_left_leg3-Interpolations-array" count="19"><param type="name"/></accessor></technique_common></source><sampler id="jnt_left_leg3-Matrix-animation-transform"><input semantic="INPUT" source="#jnt_left_leg3-Matrix-animation-input"/><input semantic="OUTPUT" source="#jnt_left_leg3-Matrix-animation-output-transform"/><input semantic="INTERPOLATION" source="#jnt_left_leg3-Interpolations"/></sampler><channel source="#jnt_left_leg3-Matrix-animation-transform" target="jnt_left_leg3/matrix"/></animation></animation>
    <animation id="jnt_left_truster1-anim" name="jnt_left_truster1"><animation><source id="jnt_left_truster1-Matrix-animation-input"><float_array id="jnt_left_truster1-Matrix-animation-input-array" count="19">

0.000000 0.033333 0.066667 0.100000 0.133333 0.166667 0.200000 0.233333 0.266667 0.300000 0.333333 0.366667 0.400000 0.433333 0.466667 0.500000
0.533333 0.566667 0.600000</float_array><technique_common><accessor source="#jnt_left_truster1-Matrix-animation-input-array" count="19"><param name="TIME" type="float"/></accessor></technique_common></source><source id="jnt_left_truster1-Matrix-animation-output-transform"><float_array id="jnt_left_truster1-Matrix-animation-output-transform-array" count="304">

0.707107 -0.707107 -0.000000 0.942482 0.707107 0.707107 0.000000 0.339466 0.000000 0.000000 1.000000 0.000187 0.000000 0.000000 0.000000 1.000000
0.715060 -0.699063 0.000000 0.942482 0.699063 0.715060 0.000000 0.339466 -0.000000 -0.000000 1.000000 0.000187 0.000000 0.000000 0.000000 1.000000
0.735922 -0.677066 0.000000 0.942482 0.677066 0.735922 -0.000000 0.339466 0.000000 0.000000 1.000000 0.000187 0.000000 0.000000 0.000000 1.000000
0.764921 -0.644124 0.000000 0.942482 0.644124 0.764921 -0.000000 0.339466 0.000000 0.000000 1.000000 0.000187 0.000000 0.000000 0.000000 1.000000
0.797389 -0.603466 0.000000 0.942482 0.603466 0.797389 0.000000 0.339466 0.000000 0.000000 1.000000 0.000187 0.000000 0.000000 0.000000 1.000000
0.829218 -0.558925 0.000000 0.942482 0.558925 0.829218 -0.000000 0.339466 -0.000000 -0.000000 1.000000 0.000187 0.000000 0.000000 0.000000 1.000000
0.857167 -0.515038 -0.000000 0.942482 0.515038 0.857167 -0.000000 0.339466 0.000000 0.000000 1.000000 0.000187 0.000000 0.000000 0.000000 1.000000
0.878940 -0.476932 0.000000 0.942482 0.476932 0.878940 -0.000000 0.339466 -0.000000 0.000000 1.000000 0.000187 0.000000 0.000000 0.000000 1.000000
0.892994 -0.450070 0.000000 0.942482 0.450070 0.892994 -0.000000 0.339466 0.000000 -0.000000 1.000000 0.000187 0.000000 0.000000 0.000000 1.000000
0.898028 -0.439939 -0.000000 0.942482 0.439939 0.898028 0.000000 0.339466 -0.000000 -0.000000 1.000000 0.000187 0.000000 0.000000 0.000000 1.000000
0.892994 -0.450070 0.000000 0.942482 0.450070 0.892994 -0.000000 0.339466 0.000000 -0.000000 1.000000 0.000187 0.000000 0.000000 0.000000 1.000000
0.878940 -0.476932 0.000000 0.942482 0.476932 0.878940 0.000000 0.339466 -0.000000 -0.000000 1.000000 0.000187 0.000000 0.000000 0.000000 1.000000
0.857167 -0.515038 -0.000000 0.942482 0.515038 0.857167 0.000000 0.339466 -0.000000 0.000000 1.000000 0.000187 0.000000 0.000000 0.000000 1.000000
0.829218 -0.558925 0.000000 0.942482 0.558925 0.829218 0.000000 0.339466 0.000000 -0.000000 1.000000 0.000187 0.000000 0.000000 0.000000 1.000000
0.797389 -0.603466 -0.000000 0.942482 0.603466 0.797389 0.000000 0.339466 0.000000 0.000000 1.000000 0.000187 0.000000 0.000000 0.000000 1.000000
0.764921 -0.644124 0.000000 0.942482 0.644124 0.764921 -0.000000 0.339466 0.000000 0.000000 1.000000 0.000187 0.000000 0.000000 0.000000 1.000000
0.735922 -0.677066 -0.000000 0.942482 0.677066 0.735922 0.000000 0.339466 0.000000 -0.000000 1.000000 0.000187 0.000000 0.000000 0.000000 1.000000
0.715060 -0.699063 -0.000000 0.942482 0.699063 0.715060 -0.000000 0.339466 -0.000000 0.000000 1.000000 0.000187 0.000000 0.000000 0.000000 1.000000
0.707107 -0.707107 -0.000000 0.942482 0.707107 0.707107 0.000000 0.339466 0.000000 0.000000 1.000000 0.000187 0.000000 0.000000 0.000000 1.000000</float_array><technique_common><accessor source="#jnt_left_truster1-Matrix-animation-output-transform-array" count="19" stride="16"><param type="float4x4"/></accessor></technique_common></source><source id="jnt_left_truster1-Interpolations"><Name_array id="jnt_left_truster1-Interpolations-array" count="19">
 LINEAR LINEAR LINEAR LINEAR LINEAR LINEAR LINEAR LINEAR LINEAR LINEAR LINEAR
LINEAR LINEAR LINEAR LINEAR LINEAR LINEAR LINEAR LINEAR</Name_array><technique_common><accessor source="#jnt_left_truster1-Interpolations-array" count="19"><param type="name"/></accessor></technique_common></source><sampler id="jnt_left_truster1-Matrix-animation-transform"><input semantic="INPUT" source="#jnt_left_truster1-Matrix-animation-input"/><input semantic="OUTPUT" source="#jnt_left_truster1-Matrix-animation-output-transform"/><input semantic="INTERPOLATION" source="#jnt_left_truster1-Interpolations"/></sampler><channel source="#jnt_left_truster1-Matrix-animation-transform" target="jnt_left_truster1/matrix"/></animation></animation>
    <animation id="jnt_left_truster2-anim" name="jnt_left_truster2"><animation><source id="jnt_left_truster2-Matrix-animation-input"><float_array id="jnt_left_truster2-Matrix-animation-input-array" count="19">

0.000000 0.033333 0.066667 0.100000 0.133333 0.166667 0.200000 0.233333 0.266667 0.300000 0.333333 0.366667 0.400000 0.433333 0.466667 0.500000
0.533333 0.566667 0.600000</float_array><technique_common><accessor source="#jnt_left_truster2-Matrix-animation-input-array" count="19"><param name="TIME" type="float"/></accessor></technique_common></source><source id="jnt_left_truster2-Matrix-animation-output-transform"><float_array id="jnt_left_truster2-Matrix-animation-output-transform-array" count="304">

0.707107 0.000000 -0.707107 0.942482 0.000000 1.000000 0.000000 -0.000000 0.707107 0.000000 0.707107 0.288533 0.000000 0.000000 0.000000 1.000000
0.715060 0.000000 -0.699063 0.942482 0.000000 1.000000 0.000000 -0.000000 0.699063 -0.000000 0.715060 0.288533 0.000000 0.000000 0.000000 1.000000
0.735922 0.000000 -0.677066 0.942482 -0.000000 1.000000 0.000000 -0.000000 0.677066 0.000000 0.735922 0.288533 0.000000 0.000000 0.000000 1.000000
0.764921 -0.000000 -0.644124 0.942482 -0.000000 1.000000 -0.000000 -0.000000 0.644124 0.000000 0.764921 0.288533 0.000000 0.000000 0.000000 1.000000
0.797389 0.000000 -0.603466 0.942482 0.000000 1.000000 0.000000 -0.000000 0.603466 0.000000 0.797389 0.288533 0.000000 0.000000 0.000000 1.000000
0.829218 -0.000000 -0.558925 0.942482 0.000000 1.000000 0.000000 -0.000000 0.558925 -0.000000 0.829218 0.288533 0.000000 0.000000 0.000000 1.000000
0.857167 0.000000 -0.515038 0.942482 -0.000000 1.000000 0.000000 -0.000000 0.515038 0.000000 0.857167 0.288533 0.000000 0.000000 0.000000 1.000000
0.878940 0.000000 -0.476932 0.942482 -0.000000 1.000000 -0.000000 -0.000000 0.476932 -0.000000 0.878940 0.288533 0.000000 0.000000 0.000000 1.000000
0.892994 0.000000 -0.450070 0.942482 0.000000 1.000000 0.000000 -0.000000 0.450070 -0.000000 0.892994 0.288533 0.000000 0.000000 0.000000 1.000000
0.898028 0.000000 -0.439939 0.942482 0.000000 1.000000 0.000000 -0.000000 0.439939 0.000000 0.898028 0.288533 0.000000 0.000000 0.000000 1.000000
0.892994 0.000000 -0.450070 0.942482 0.000000 1.000000 0.000000 -0.000000 0.450070 -0.000000 0.892994 0.288533 0.000000 0.000000 0.000000 1.000000
0.878940 0.000000 -0.476932 0.942482 0.000000 1.000000 0.000000 -0.000000 0.476932 -0.000000 0.878940 0.288533 0.000000 0.000000 0.000000 1.000000
0.857167 0.000000 -0.515038 0.942482 0.000000 1.000000 0.000000 -0.000000 0.515038 -0.000000 0.857167 0.288533 0.000000 0.000000 0.000000 1.000000
0.829218 0.000000 -0.558925 0.942482 0.000000 1.000000 0.000000 -0.000000 0.558925 0.000000 0.829218 0.288533 0.000000 0.000000 0.000000 1.000000
0.797389 -0.000000 -0.603466 0.942482 0.000000 1.000000 0.000000 -0.000000 0.603466 0.000000 0.797389 0.288533 0.000000 0.000000 0.000000 1.000000
0.764921 -0.000000 -0.644124 0.942482 -0.000000 1.000000 -0.000000 -0.000000 0.644124 0.000000 0.764921 0.288533 0.000000 0.000000 0.000000 1.000000
0.735922 0.000000 -0.677066 0.942482 0.000000 1.000000 0.000000 -0.000000 0.677066 -0.000000 0.735922 0.288533 0.000000 0.000000 0.000000 1.000000
0.715060 0.000000 -0.699063 0.942482 -0.000000 1.000000 -0.000000 -0.000000 0.699063 0.000000 0.715060 0.288533 0.000000 0.000000 0.000000 1.000000
0.707107 0.000000 -0.707107 0.942482 0.000000 1.000000 0.000000 -0.000000 0.707107 0.000000 0.707107 0.288533 0.000000 0.000000 0.000000 1.000000</float_array><technique_common><accessor source="#jnt_left_truster2-Matrix-animation-output-transform-array" count="19" stride="16"><param type="float4x4"/></accessor></technique_common></source><source id="jnt_left_truster2-Interpolations"><Name_array id="jnt_left_truster2-Interpolations-array" count="19">
 LINEAR LINEAR LINEAR LINEAR LINEAR LINEAR LINEAR LINEAR LINEAR LINEAR LINEAR
LINEAR LINEAR LINEAR LINEAR LINEAR LINEAR LINEAR LINEAR</Name_array><technique_common><accessor source="#jnt_left_truster2-Interpolations-array" count="19"><param type="name"/></accessor></technique_common></source><sampler id="jnt_left_truster2-Matrix-animation-transform"><input semantic="INPUT" source="#jnt_left_truster2-Matrix-animation-input"/><input semantic="OUTPUT" source="#jnt_left_truster2-Matrix-animation-output-transform"/><input semantic="INTERPOLATION" source="#jnt_left_truster2-Interpolations"/></sampler><channel source="#jnt_left_truster2-Matrix-animation-transform" target="jnt_left_truster2/matrix"/></animation></animation>
    <animation id="jnt_left_truster3-anim" name="jnt_left_truster3"><animation><source id="jnt_left_truster3-Matrix-animation-input"><float_array id="jnt_left_truster3-Matrix-animation-input-array" count="19">

0.000000 0.033333 0.066667 0.100000 0.133333 0.166667 0.200000 0.233333 0.266667 0.300000 0.333333 0.366667 0.400000 0.433333 0.466667 0.500000
0.533333 0.566667 0.600000</float_array><technique_common><accessor source="#jnt_left_truster3-Matrix-animation-input-array" count="19"><param name="TIME" type="float"/></accessor></technique_common></source><source id="jnt_left_truster3-Matrix-animation-output-transform"><float_array id="jnt_left_truster3-Matrix-animation-output-transform-array" count="304">

0.707107 0.000000 0.707107 0.942482 -0.000000 1.000000 0.000000 -0.000000 -0.707107 0.000000 0.707107 -0.288158 0.000000 0.000000 0.000000 1.000000
0.715060 0.000000 0.699063 0.942482 0.000000 1.000000 -0.000000 -0.000000 -0.699063 -0.000000 0.715060 -0.288158 0.000000 0.000000 0.000000 1.000000
0.735922 0.000000 0.677066 0.942482 -0.000000 1.000000 0.000000 -0.000000 -0.677066 0.000000 0.735922 -0.288158 0.000000 0.000000 0.000000 1.000000
0.764921 -0.000000 0.644124 0.942482 0.000000 1.000000 -0.000000 -0.000000 -0.644124 0.000000 0.764921 -0.288158 0.000000 0.000000 0.000000 1.000000
0.797389 0.000000 0.603466 0.942482 0.000000 1.000000 0.000000 -0.000000 -0.603466 0.000000 0.797389 -0.288158 0.000000 0.000000 0.000000 1.000000
0.829218 -0.000000 0.558925 0.942482 -0.000000 1.000000 0.000000 -0.000000 -0.558925 -0.000000 0.829218 -0.288158 0.000000 0.000000 0.000000 1.000000
0.857167 -0.000000 0.515038 0.942482 -0.000000 1.000000 -0.000000 -0.000000 -0.515038 0.000000 0.857167 -0.288158 0.000000 0.000000 0.000000 1.000000
0.878940 0.000000 0.476932 0.942482 -0.000000 1.000000 -0.000000 -0.000000 -0.476932 0.000000 0.878940 -0.288158 0.000000 0.000000 0.000000 1.000000
0.892994 0.000000 0.450070 0.942482 -0.000000 1.000000 0.000000 -0.000000 -0.450070 0.000000 0.892994 -0.288158 0.000000 0.000000 0.000000 1.000000
0.898028 0.000000 0.439939 0.942482 -0.000000 1.000000 0.000000 -0.000000 -0.439939 0.000000 0.898028 -0.288158 0.000000 0.000000 0.000000 1.000000
0.892994 0.000000 0.450070 0.942482 -0.000000 1.000000 0.000000 -0.000000 -0.450070 0.000000 0.892994 -0.288158 0.000000 0.000000 0.000000 1.000000
0.878940 0.000000 0.476932 0.942482 -0.000000 1.000000 0.000000 -0.000000 -0.476932 -0.000000 0.878940 -0.288158 0.000000 0.000000 0.000000 1.000000
0.857167 0.000000 0.515038 0.942482 -0.000000 1.000000 0.000000 -0.000000 -0.515038 -0.000000 0.857167 -0.288158 0.000000 0.000000 0.000000 1.000000
0.829218 0.000000 0.558925 0.942482 -0.000000 1.000000 0.000000 -0.000000 -0.558925 0.000000 0.829218 -0.288158 0.000000 0.000000 0.000000 1.000000
0.797389 -0.000000 0.603466 0.942482 -0.000000 1.000000 0.000000 -0.000000 -0.603466 0.000000 0.797389 -0.288158 0.000000 0.000000 0.000000 1.000000
0.764921 -0.000000 0.644124 0.942482 0.000000 1.000000 -0.000000 -0.000000 -0.644124 0.000000 0.764921 -0.288158 0.000000 0.000000 0.000000 1.000000
0.735922 0.000000 0.677066 0.942482 -0.000000 1.000000 -0.000000 -0.000000 -0.677066 -0.000000 0.735922 -0.288158 0.000000 0.000000 0.000000 1.000000
0.715060 0.000000 0.699063 0.942482 -0.000000 1.000000 -0.000000 -0.000000 -0.699063 -0.000000 0.715060 -0.288158 0.000000 0.000000 0.000000 1.000000
