<?xml version="1.0" encoding="utf-8"?>
<COLLADA xmlns="http://www.collada.org/2005/11/COLLADASchema" version="1.4.1">
  <asset><contributor><author></author><authoring_tool>FBX COLLADA exporter</authoring_tool><comments></comments></contributor><created>2019-02-07T17:54:39Z</created><keywords></keywords><modified>2019-02-07T17:54:39Z</modified><revision></revision><subject></subject><title></title><unit meter="0.010000" name="centimeter"></unit><up_axis>Y_UP</up_axis></asset>
  <library_animations>
    <animation id="root_jnt-anim" name="root_jnt"><animation><source id="root_jnt-Matrix-animation-input"><float_array id="root_jnt-Matrix-animation-input-array" count="19">

0.000000 0.033333 0.066667 0.100000 0.133333 0.166667 0.200000 0.233333 0.266667 0.300000 0.333333 0.366667 0.400000 0.433333 0.466667 0.500000
0.533333 0.566667 0.600000</float_array><technique_common><accessor source="#root_jnt-Matrix-animation-input-array" count="19"><param name="TIME" type="float"/></accessor></technique_common></source><source id="root_jnt-Matrix-animation-output-transform"><float_array id="root_jnt-Matrix-animation-output-transform-array" count="304">

1.000000 0.000000 0.000000 0.000000 0.000000 1.000000 0.000000 0.000000 0.000000 0.000000 1.000000 0.000000 0.000000 0.000000 0.000000 1.000000
1.000000 0.000000 0.000000 0.000000 0.000000 1.000000 0.000000 0.000000 0.000000 0.000000 1.000000 0.000000 0.000000 0.000000 0.000000 1.000000
1.000000 0.000000 0.000000 0.000000 0.000000 1.000000 0.000000 0.000000 0.000000 0.000000 1.000000 0.000000 0.000000 0.000000 0.000000 1.000000
1.000000 0.000000 0.000000 0.000000 0.000000 1.000000 0.000000 0.000000 0.000000 0.000000 1.000000 0.000000 0.000000 0.000000 0.000000 1.000000
1.000000 0.000000 0.000000 0.000000 0.000000 1.000000 0.000000 0.000000 0.000000 0.000000 1.000000 0.000000 0.000000 0.000000 0.000000 1.000000
1.000000 0.000000 0.000000 0.000000 0.000000 1.000000 0.000000 0.000000 0.000000 0.000000 1.000000 0.000000 0.000000 0.000000 0.000000 1.000000
1.000000 0.000000 0.000000 0.000000 0.000000 1.000000 0.000000 0.000000 0.000000 0.000000 1.000000 0.000000 0.000000 0.000000 0.000000 1.000000
1.000000 0.000000 0.000000 0.000000 0.000000 1.000000 0.000000 0.000000 0.000000 0.000000 1.000000 0.000000 0.000000 0.000000 0.000000 1.000000
1.000000 0.000000 0.000000 0.000000 0.000000 1.000000 0.000000 0.000000 0.000000 0.000000 1.000000 0.000000 0.000000 0.000000 0.000000 1.000000
1.000000 0.000000 0.000000 0.000000 0.000000 1.000000 0.000000 0.000000 0.000000 0.000000 1.000000 0.000000 0.000000 0.000000 0.000000 1.000000
1.000000 0.000000 0.000000 0.000000 0.000000 1.000000 0.000000 0.000000 0.000000 0.000000 1.000000 0.000000 0.000000 0.000000 0.000000 1.000000
1.000000 0.000000 0.000000 0.000000 0.000000 1.000000 0.000000 0.000000 0.000000 0.000000 1.000000 0.000000 0.000000 0.000000 0.000000 1.000000
1.000000 0.000000 0.000000 0.000000 0.000000 1.000000 0.000000 0.000000 0.000000 0.000000 1.000000 0.000000 0.000000 0.000000 0.000000 1.000000
1.000000 0.000000 0.000000 0.000000 0.000000 1.000000 0.000000 0.000000 0.000000 0.000000 1.000000 0.000000 0.000000 0.000000 0.000000 1.000000
1.000000 0.000000 0.000000 0.000000 0.000000 1.000000 0.000000 0.000000 0.000000 0.000000 1.000000 0.000000 0.000000 0.000000 0.000000 1.000000
1.000000 0.000000 0.000000 0.000000 0.000000 1.000000 0.000000 0.000000 0.000000 0.000000 1.000000 0.000000 0.000000 0.000000 0.000000 1.000000
1.000000 0.000000 0.000000 0.000000 0.000000 1.000000 0.000000 0.000000 0.000000 0.000000 1.000000 0.000000 0.000000 0.000000 0.000000 1.000000
1.000000 0.000000 0.000000 0.000000 0.000000 1.000000 0.000000 0.000000 0.000000 0.000000 1.000000 0.000000 0.000000 0.000000 0.000000 1.000000
1.000000 0.000000 0.000000 0.000000 0.000000 1.000000 0.000000 0.000000 0.000000 0.000000 1.000000 0.000000 0.000000 0.000000 0.000000 1.000000</float_array><technique_common><accessor source="#root_jnt-Matrix-animation-output-transform-array" count="19" stride="16"><param type="float4x4"/></accessor></technique_common></source><source id="root_jnt-Interpolations"><Name_array id="root_jnt-Interpolations-array" count="19">
 LINEAR LINEAR LINEAR LINEAR LINEAR LINEAR LINEAR LINEAR LINEAR LINEAR LINEAR
LINEAR LINEAR LINEAR LINEAR LINEAR LINEAR LINEAR LINEAR</Name_array><technique_common><accessor source="#root_jnt-Interpolations-array" count="19"><param type="name"/></accessor></technique_common></source><sampler id="root_jnt-Matrix-animation-transform"><input semantic="INPUT" source="#root_jnt-Matrix-animation-input"/><input semantic="OUTPUT" source="#root_jnt-Matrix-animation-output-transform"/><input semantic="INTERPOLATION" source="#root_jnt-Interpolations"/></sampler><channel source="#root_jnt-Matrix-animation-transform" target="root_jnt/matrix"/></animation></animation>
    <animation id="jnt_hips-anim" name="jnt_hips"><animation><source id="jnt_hips-Matrix-animation-input"><float_array id="jnt_hips-Matrix-animation-input-array" count="19">

0.000000 0.033333 0.066667 0.100000 0.133333 0.166667 0.200000 0.233333 0.266667 0.300000 0.333333 0.366667 0.400000 0.433333 0.466667 0.500000
0.533333 0.566667 0.600000</float_array><technique_common><accessor source="#jnt_hips-Matrix-animation-input-array" count="19"><param name="TIME" type="float"/></accessor></technique_common></source><source id="jnt_hips-Matrix-animation-output-transform"><float_array id="jnt_hips-Matrix-animation-output-transform-array" count="304">

1.000000 0.000000 0.000000 0.000000 0.000000 0.999507 0.031404 4.862378 0.000000 -0.031404 0.999507 -0.094053 0.000000 0.000000 0.000000 1.000000
1.000000 0.000000 0.000000 0.000000 0.000000 0.999507 0.031404 4.862378 0.000000 -0.031404 0.999507 -0.094053 0.000000 0.000000 0.000000 1.000000
1.000000 0.000000 0.000000 0.000000 0.000000 0.999507 0.031404 4.862378 0.000000 -0.031404 0.999507 -0.094053 0.000000 0.000000 0.000000 1.000000
1.000000 0.000000 0.000000 0.000000 0.000000 0.999507 0.031404 4.862378 0.000000 -0.031404 0.999507 -0.094053 0.000000 0.000000 0.000000 1.000000
1.000000 0.000000 0.000000 0.000000 0.000000 0.999507 0.031404 4.862378 0.000000 -0.031404 0.999507 -0.094053 0.000000 0.000000 0.000000 1.000000
1.000000 0.000000 0.000000 0.000000 0.000000 0.999507 0.031404 4.862378 0.000000 -0.031404 0.999507 -0.094053 0.000000 0.000000 0.000000 1.000000
1.000000 0.000000 0.000000 0.000000 0.000000 0.999507 0.031404 4.862378 0.000000 -0.031404 0.999507 -0.094053 0.000000 0.000000 0.000000 1.000000
1.000000 0.000000 0.000000 0.000000 0.000000 0.999507 0.031404 4.862378 0.000000 -0.031404 0.999507 -0.094053 0.000000 0.000000 0.000000 1.000000
1.000000 0.000000 0.000000 0.000000 0.000000 0.999507 0.031404 4.862378 0.000000 -0.031404 0.999507 -0.094053 0.000000 0.000000 0.000000 1.000000
1.000000 0.000000 0.000000 0.000000 0.000000 0.999507 0.031404 4.862378 0.000000 -0.031404 0.999507 -0.094053 0.000000 0.000000 0.000000 1.000000
1.000000 0.000000 0.000000 0.000000 0.000000 0.999507 0.031404 4.862378 0.000000 -0.031404 0.999507 -0.094053 0.000000 0.000000 0.000000 1.000000
1.000000 0.000000 0.000000 0.000000 0.000000 0.999507 0.031404 4.862378 0.000000 -0.031404 0.999507 -0.094053 0.000000 0.000000 0.000000 1.000000
1.000000 0.000000 0.000000 0.000000 0.000000 0.999507 0.031404 4.862378 0.000000 -0.031404 0.999507 -0.094053 0.000000 0.000000 0.000000 1.000000
1.000000 0.000000 0.000000 0.000000 0.000000 0.999507 0.031404 4.862378 0.000000 -0.031404 0.999507 -0.094053 0.000000 0.000000 0.000000 1.000000
1.000000 0.000000 0.000000 0.000000 0.000000 0.999507 0.031404 4.862378 0.000000 -0.031404 0.999507 -0.094053 0.000000 0.000000 0.000000 1.000000
1.000000 0.000000 0.000000 0.000000 0.000000 0.999507 0.031404 4.862378 0.000000 -0.031404 0.999507 -0.094053 0.000000 0.000000 0.000000 1.000000
1.000000 0.000000 0.000000 0.000000 0.000000 0.999507 0.031404 4.862378 0.000000 -0.031404 0.999507 -0.094053 0.000000 0.000000 0.000000 1.000000
1.000000 0.000000 0.000000 0.000000 0.000000 0.999507 0.031404 4.862378 0.000000 -0.031404 0.999507 -0.094053 0.000000 0.000000 0.000000 1.000000
1.000000 0.000000 0.000000 0.000000 0.000000 0.999507 0.031404 4.862378 0.000000 -0.031404 0.999507 -0.094053 0.000000 0.000000 0.000000 1.000000</float_array><technique_common><accessor source="#jnt_hips-Matrix-animation-output-transform-array" count="19" stride="16"><param type="float4x4"/></accessor></technique_common></source><source id="jnt_hips-Interpolations"><Name_array id="jnt_hips-Interpolations-array" count="19">
 LINEAR LINEAR LINEAR LINEAR LINEAR LINEAR LINEAR LINEAR LINEAR LINEAR LINEAR
LINEAR LINEAR LINEAR LINEAR LINEAR LINEAR LINEAR LINEAR</Name_array><technique_common><accessor source="#jnt_hips-Interpolations-array" count="19"><param type="name"/></accessor></technique_common></source><sampler id="jnt_hips-Matrix-animation-transform"><input semantic="INPUT" source="#jnt_hips-Matrix-animation-input"/><input semantic="OUTPUT" source="#jnt_hips-Matrix-animation-output-transform"/><input semantic="INTERPOLATION" source="#jnt_hips-Interpolations"/></sampler><channel source="#jnt_hips-Matrix-animation-transform" target="jnt_hips/matrix"/></animation></animation>
    <animation id="jnt_pelvis-anim" name="jnt_pelvis"><animation><source id="jnt_pelvis-Matrix-animation-input"><float_array id="jnt_pelvis-Matrix-animation-input-array" count="19">

0.000000 0.033333 0.066667 0.100000 0.133333 0.166667 0.200000 0.233333 0.266667 0.300000 0.333333 0.366667 0.400000 0.433333 0.466667 0.500000
0.533333 0.566667 0.600000</float_array><technique_common><accessor source="#jnt_pelvis-Matrix-animation-input-array" count="19"><param name="TIME" type="float"/></accessor></technique_common></source><source id="jnt_pelvis-Matrix-animation-output-transform"><float_array id="jnt_pelvis-Matrix-animation-output-transform-array" count="304">

1.000000 0.000003 0.000000 0.032566 -0.000002 0.852925 0.522034 -0.706852 0.000001 -0.522034 0.852925 -0.345990 0.000000 0.000000 0.000000 1.000000
1.000000 0.000003 0.000000 0.032566 -0.000002 0.852925 0.522034 -0.712889 0.000001 -0.522034 0.852925 -0.345990 0.000000 0.000000 0.000000 1.000000
1.000000 0.000003 0.000000 0.032566 -0.000002 0.852925 0.522034 -0.727982 0.000001 -0.522034 0.852925 -0.345990 0.000000 0.000000 0.000000 1.000000
1.000000 0.000003 0.000000 0.032566 -0.000002 0.852925 0.522034 -0.747603 0.000001 -0.522034 0.852925 -0.345990 0.000000 0.000000 0.000000 1.000000
1.000000 0.000003 0.000000 0.032566 -0.000002 0.852925 0.522034 -0.767224 0.000001 -0.522034 0.852925 -0.345990 0.000000 0.000000 0.000000 1.000000
1.000000 0.000003 0.000000 0.032566 -0.000002 0.852925 0.522034 -0.782317 0.000001 -0.522034 0.852925 -0.345990 0.000000 0.000000 0.000000 1.000000
1.000000 0.000003 0.000000 0.032566 -0.000002 0.852925 0.522034 -0.788354 0.000001 -0.522034 0.852925 -0.345990 0.000000 0.000000 0.000000 1.000000
1.000000 0.000003 0.000000 0.032566 -0.000002 0.852925 0.522034 -0.786750 0.000001 -0.522034 0.852925 -0.345990 0.000000 0.000000 0.000000 1.000000
1.000000 0.000003 0.000000 0.032566 -0.000002 0.852925 0.522034 -0.782317 0.000001 -0.522034 0.852925 -0.345990 0.000000 0.000000 0.000000 1.000000
1.000000 0.000003 0.000000 0.032566 -0.000002 0.852925 0.522034 -0.775619 0.000001 -0.522034 0.852925 -0.345990 0.000000 0.000000 0.000000 1.000000
1.000000 0.000003 0.000000 0.032566 -0.000002 0.852925 0.522034 -0.767224 0.000001 -0.522034 0.852925 -0.345990 0.000000 0.000000 0.000000 1.000000
1.000000 0.000003 0.000000 0.032566 -0.000002 0.852925 0.522034 -0.757696 0.000001 -0.522034 0.852925 -0.345990 0.000000 0.000000 0.000000 1.000000
1.000000 0.000003 0.000000 0.032566 -0.000002 0.852925 0.522034 -0.747603 0.000001 -0.522034 0.852925 -0.345990 0.000000 0.000000 0.000000 1.000000
1.000000 0.000003 0.000000 0.032566 -0.000002 0.852925 0.522034 -0.737509 0.000001 -0.522034 0.852925 -0.345990 0.000000 0.000000 0.000000 1.000000
1.000000 0.000003 0.000000 0.032566 -0.000002 0.852925 0.522034 -0.727982 0.000001 -0.522034 0.852925 -0.345990 0.000000 0.000000 0.000000 1.000000
1.000000 0.000003 0.000000 0.032566 -0.000002 0.852925 0.522034 -0.719587 0.000001 -0.522034 0.852925 -0.345990 0.000000 0.000000 0.000000 1.000000
1.000000 0.000003 0.000000 0.032566 -0.000002 0.852925 0.522034 -0.712889 0.000001 -0.522034 0.852925 -0.345990 0.000000 0.000000 0.000000 1.000000
1.000000 0.000003 0.000000 0.032566 -0.000002 0.852925 0.522034 -0.708455 0.000001 -0.522034 0.852925 -0.345990 0.000000 0.000000 0.000000 1.000000
1.000000 0.000003 0.000000 0.032566 -0.000002 0.852925 0.522034 -0.706852 0.000001 -0.522034 0.852925 -0.345990 0.000000 0.000000 0.000000 1.000000</float_array><technique_common><accessor source="#jnt_pelvis-Matrix-animation-output-transform-array" count="19" stride="16"><param type="float4x4"/></accessor></technique_common></source><source id="jnt_pelvis-Interpolations"><Name_array id="jnt_pelvis-Interpolations-array" count="19">
 LINEAR LINEAR LINEAR LINEAR LINEAR LINEAR LINEAR LINEAR LINEAR LINEAR LINEAR
LINEAR LINEAR LINEAR LINEAR LINEAR LINEAR LINEAR LINEAR</Name_array><technique_common><accessor source="#jnt_pelvis-Interpolations-array" count="19"><param type="name"/></accessor></technique_common></source><sampler id="jnt_pelvis-Matrix-animation-transform"><input semantic="INPUT" source="#jnt_pelvis-Matrix-animation-input"/><input semantic="OUTPUT" source="#jnt_pelvis-Matrix-animation-output-transform"/><input semantic="INTERPOLATION" source="#jnt_pelvis-Interpolations"/></sampler><channel source="#jnt_pelvis-Matrix-animation-transform" target="jnt_pelvis/matrix"/></animation></animation>
    <animation id="jnt_left_leg1-anim" name="jnt_left_leg1"><animation><source id="jnt_left_leg1-Matrix-animation-input"><float_array id="jnt_left_leg1-Matrix-animation-input-array" count="19">

0.000000 0.033333 0.066667 0.100000 0.133333 0.166667 0.200000 0.233333 0.266667 0.300000 0.333333 0.366667 0.400000 0.433333 0.466667 0.500000
0.533333 0.566667 0.600000</float_array><technique_common><accessor source="#jnt_left_leg1-Matrix-animation-input-array" count="19"><param name="TIME" type="float"/></accessor></technique_common></source><source id="jnt_left_leg1-Matrix-animation-output-transform"><float_array id="jnt_left_leg1-Matrix-animation-output-transform-array" count="304">

0.799138 0.201286 -0.566447 0.500157 -0.509831 0.726192 -0.461213 -0.457422 0.318514 0.657365 0.682950 -0.000000 0.000000 0.000000 0.000000 1.000000
0.793859 0.207212 -0.571709 0.500157 -0.517206 0.724535 -0.455573 -0.457422 0.319823 0.657352 0.682350 -0.000000 0.000000 0.000000 0.000000 1.000000
0.779761 0.222642 -0.585152 0.500157 -0.536244 0.719891 -0.440680 -0.457422 0.323132 0.657410 0.680734 -0.000000 0.000000 0.000000 0.000000 1.000000
0.759559 0.243829 -0.603007 0.500157 -0.562010 0.712725 -0.419723 -0.457422 0.327438 0.657700 0.678391 0.000000 0.000000 0.000000 0.000000 1.000000
0.736063 0.267242 -0.621927 0.500157 -0.589978 0.703718 -0.395863 -0.457422 0.331870 0.658303 0.675647 0.000000 0.000000 0.000000 0.000000 1.000000
0.712023 0.289973 -0.639484 0.500157 -0.616632 0.693839 -0.371959 -0.457422 0.335841 0.659169 0.672835 -0.000000 0.000000 0.000000 0.000000 1.000000
0.689928 0.309881 -0.654197 0.500157 -0.639571 0.684230 -0.350396 -0.457422 0.339040 0.660153 0.670260 -0.000000 0.000000 0.000000 0.000000 1.000000
0.671912 0.325473 -0.665283 0.500157 -0.657273 0.676055 -0.333079 -0.457422 0.341360 0.661072 0.668174 -0.000000 0.000000 0.000000 0.000000 1.000000
0.659814 0.335641 -0.672303 0.500157 -0.668690 0.670406 -0.321574 -0.457422 0.342782 0.661741 0.666782 -0.000000 0.000000 0.000000 0.000000 1.000000
0.655373 0.339314 -0.674798 0.500157 -0.672790 0.668301 -0.317376 -0.457422 0.343278 0.661997 0.666273 -0.000000 0.000000 0.000000 0.000000 1.000000
0.659814 0.335641 -0.672303 0.500157 -0.668690 0.670406 -0.321574 -0.457422 0.342782 0.661741 0.666782 0.000000 0.000000 0.000000 0.000000 1.000000
0.671912 0.325473 -0.665283 0.500157 -0.657273 0.676055 -0.333079 -0.457422 0.341360 0.661072 0.668174 0.000000 0.000000 0.000000 0.000000 1.000000
0.689928 0.309881 -0.654197 0.500157 -0.639571 0.684230 -0.350396 -0.457422 0.339040 0.660153 0.670260 0.000000 0.000000 0.000000 0.000000 1.000000
0.712023 0.289973 -0.639484 0.500157 -0.616632 0.693839 -0.371959 -0.457422 0.335841 0.659169 0.672835 0.000000 0.000000 0.000000 0.000000 1.000000
0.736063 0.267242 -0.621927 0.500157 -0.589978 0.703718 -0.395863 -0.457422 0.331870 0.658303 0.675647 -0.000000 0.000000 0.000000 0.000000 1.000000
0.759559 0.243829 -0.603007 0.500157 -0.562010 0.712725 -0.419723 -0.457422 0.327438 0.657700 0.678391 -0.000000 0.000000 0.000000 0.000000 1.000000
0.779761 0.222642 -0.585152 0.500157 -0.536244 0.719891 -0.440680 -0.457422 0.323132 0.657410 0.680734 -0.000000 0.000000 0.000000 0.000000 1.000000
0.793859 0.207212 -0.571709 0.500157 -0.517206 0.724535 -0.455573 -0.457422 0.319823 0.657352 0.682350 -0.000000 0.000000 0.000000 0.000000 1.000000
0.799138 0.201286 -0.566447 0.500157 -0.509831 0.726192 -0.461213 -0.457422 0.318514 0.657365 0.682950 -0.000000 0.000000 0.000000 0.000000 1.000000</float_array><technique_common><accessor source="#jnt_left_leg1-Matrix-animation-output-transform-array" count="19" stride="16"><param type="float4x4"/></accessor></technique_common></source><source id="jnt_left_leg1-Interpolations"><Name_array id="jnt_left_leg1-Interpolations-array" count="19">
 LINEAR LINEAR LINEAR LINEAR LINEAR LINEAR LINEAR LINEAR LINEAR LINEAR LINEAR
LINEAR LINEAR LINEAR LINEAR LINEAR LINEAR LINEAR LINEAR</Name_array><technique_common><accessor source="#jnt_left_leg1-Interpolations-array" count="19"><param type="name"/></accessor></technique_common></source><sampler id="jnt_left_leg1-Matrix-animation-transform"><input semantic="INPUT" source="#jnt_left_leg1-Matrix-animation-input"/><input semantic="OUTPUT" source="#jnt_left_leg1-Matrix-animation-output-transform"/><input semantic="INTERPOLATION" source="#jnt_left_leg1-Interpolations"/></sampler><channel source="#jnt_left_leg1-Matrix-animation-transform" target="jnt_left_leg1/matrix"/></animation></animation>
    <animation id="jnt_left_leg2-anim" name="jnt_left_leg2"><animation><source id="jnt_left_leg2-Matrix-animation-input"><float_array id="jnt_left_leg2-Matrix-animation-input-array" count="19">

0.000000 0.033333 0.066667 0.100000 0.133333 0.166667 0.200000 0.233333 0.266667 0.300000 0.333333 0.366667 0.400000 0.433333 0.466667 0.500000
0.533333 0.566667 0.600000</float_array><technique_common><accessor source="#jnt_left_leg2-Matrix-animation-input-array" count="19"><param name="TIME" type="float"/></accessor></technique_common></source><source id="jnt_left_leg2-Matrix-animation-output-transform"><float_array id="jnt_left_leg2-Matrix-animation-output-transform-array" count="304">

1.000000 0.000000 0.000000 0.572971 -0.000000 1.000000 0.000000 0.016592 -0.000000 -0.000000 1.000000 -0.000000 0.000000 0.000000 0.000000 1.000000
1.000000 0.000000 0.000000 0.572971 -0.000000 1.000000 -0.000000 0.016592 -0.000000 -0.000000 1.000000 -0.000000 0.000000 0.000000 0.000000 1.000000
1.000000 -0.000000 -0.000000 0.572971 -0.000000 1.000000 0.000000 0.016592 -0.000000 0.000000 1.000000 -0.000000 0.000000 0.000000 0.000000 1.000000
1.000000 0.000000 0.000000 0.572971 -0.000000 1.000000 0.000000 0.016592 0.000000 0.000000 1.000000 -0.000000 0.000000 0.000000 0.000000 1.000000
1.000000 0.000000 -0.000000 0.572971 -0.000000 1.000000 0.000000 0.016592 -0.000000 0.000000 1.000000 -0.000000 0.000000 0.000000 0.000000 1.000000
1.000000 0.000000 0.000000 0.572971 0.000000 1.000000 0.000000 0.016592 0.000000 0.000000 1.000000 -0.000000 0.000000 0.000000 0.000000 1.000000
1.000000 0.000000 -0.000000 0.572971 -0.000000 1.000000 -0.000000 0.016592 0.000000 0.000000 1.000000 -0.000000 0.000000 0.000000 0.000000 1.000000
1.000000 0.000000 -0.000000 0.572971 -0.000000 1.000000 0.000000 0.016592 0.000000 0.000000 1.000000 -0.000000 0.000000 0.000000 0.000000 1.000000
1.000000 0.000000 -0.000000 0.572971 0.000000 1.000000 -0.000000 0.016592 0.000000 0.000000 1.000000 -0.000000 0.000000 0.000000 0.000000 1.000000
1.000000 -0.000000 0.000000 0.572971 -0.000000 1.000000 -0.000000 0.016592 -0.000000 0.000000 1.000000 -0.000000 0.000000 0.000000 0.000000 1.000000
1.000000 0.000000 -0.000000 0.572971 0.000000 1.000000 -0.000000 0.016592 0.000000 0.000000 1.000000 -0.000000 0.000000 0.000000 0.000000 1.000000
1.000000 -0.000000 0.000000 0.572971 0.000000 1.000000 -0.000000 0.016592 0.000000 -0.000000 1.000000 -0.000000 0.000000 0.000000 0.000000 1.000000
1.000000 0.000000 -0.000000 0.572971 -0.000000 1.000000 -0.000000 0.016592 0.000000 0.000000 1.000000 -0.000000 0.000000 0.000000 0.000000 1.000000
1.000000 0.000000 0.000000 0.572971 0.000000 1.000000 0.000000 0.016592 0.000000 0.000000 1.000000 -0.000000 0.000000 0.000000 0.000000 1.000000
1.000000 -0.000000 0.000000 0.572971 -0.000000 1.000000 0.000000 0.016592 0.000000 0.000000 1.000000 -0.000000 0.000000 0.000000 0.000000 1.000000
1.000000 0.000000 0.000000 0.572971 -0.000000 1.000000 0.000000 0.016592 0.000000 0.000000 1.000000 -0.000000 0.000000 0.000000 0.000000 1.000000
1.000000 -0.000000 -0.000000 0.572971 -0.000000 1.000000 0.000000 0.016592 -0.000000 0.000000 1.000000 -0.000000 0.000000 0.000000 0.000000 1.000000
1.000000 0.000000 0.000000 0.572971 -0.000000 1.000000 -0.000000 0.016592 -0.000000 -0.000000 1.000000 -0.000000 0.000000 0.000000 0.000000 1.000000
1.000000 0.000000 0.000000 0.572971 -0.000000 1.000000 0.000000 0.016592 -0.000000 -0.000000 1.000000 -0.000000 0.000000 0.000000 0.000000 1.000000</float_array><technique_common><accessor source="#jnt_left_leg2-Matrix-animation-output-transform-array" count="19" stride="16"><param type="float4x4"/></accessor></technique_common></source><source id="jnt_left_leg2-Interpolations"><Name_array id="jnt_left_leg2-Interpolations-array" count="19">
 LINEAR LINEAR LINEAR LINEAR LINEAR LINEAR LINEAR LINEAR LINEAR LINEAR LINEAR
LINEAR LINEAR LINEAR LINEAR LINEAR LINEAR LINEAR LINEAR</Name_array><technique_common><accessor source="#jnt_left_leg2-Interpolations-array" count="19"><param type="name"/></accessor></technique_common></source><sampler id="jnt_left_leg2-Matrix-animation-transform"><input semantic="INPUT" source="#jnt_left_leg2-Matrix-animation-input"/><input semantic="OUTPUT" source="#jnt_left_leg2-Matrix-animation-output-transform"/><input semantic="INTERPOLATION" source="#jnt_left_leg2-Interpolations"/></sampler><channel source="#jnt_left_leg2-Matrix-animation-transform" target="jnt_left_leg2/matrix"/></animation></animation>
    <animation id="jnt_left_leg3-anim" name="jnt_left_leg3"><animation><source id="jnt_left_leg3-Matrix-animation-input"><float_array id="jnt_left_leg3-Matrix-animation-input-array" count="19">

0.000000 0.033333 0.066667 0.100000 0.133333 0.166667 0.200000 0.233333 0.266667 0.300000 0.333333 0.366667 0.400000 0.433333 0.466667 0.500000
0.533333 0.566667 0.600000</float_array><technique_common><accessor source="#jnt_left_leg3-Matrix-animation-input-array" count="19"><param name="TIME" type="float"/></accessor></technique_common></source><source id="jnt_left_leg3-Matrix-animation-output-transform"><float_array id="jnt_left_leg3-Matrix-animation-output-transform-array" count="304">

0.686273 0.686099 -0.241448 1.109408 -0.681854 0.722425 0.114796 -0.115050 0.253189 0.085851 0.963600 0.000000 0.000000 0.000000 0.000000 1.000000
0.691878 0.682681 -0.235055 1.109408 -0.678673 0.726014 0.110941 -0.115050 0.246390 0.082768 0.965630 -0.000000 0.000000 0.000000 0.000000 1.000000
0.706227 0.673502 -0.218263 1.109408 -0.670078 0.735382 0.101041 -0.115050 0.228558 0.074895 0.970645 -0.000000 0.000000 0.000000 0.000000 1.000000
0.725355 0.660223 -0.194846 1.109408 -0.657529 0.748299 0.087774 -0.115050 0.203753 0.064449 0.976899 -0.000000 0.000000 0.000000 0.000000 1.000000
0.745713 0.644618 -0.168464 1.109408 -0.642631 0.762637 0.073558 -0.115050 0.175894 0.053407 0.982959 -0.000000 0.000000 0.000000 0.000000 1.000000
0.764687 0.628492 -0.142310 1.109408 -0.627091 0.776615 0.060209 -0.115050 0.148361 0.043200 0.987989 -0.000000 0.000000 0.000000 0.000000 1.000000
0.780652 0.613544 -0.118937 1.109408 -0.612575 0.788899 0.048894 -0.115050 0.123828 0.034688 0.991697 -0.000000 0.000000 0.000000 0.000000 1.000000
0.792723 0.601273 -0.100308 1.109408 -0.600590 0.798542 0.040284 -0.115050 0.104322 0.028310 0.994141 0.000000 0.000000 0.000000 0.000000 1.000000
0.800384 0.592994 -0.087999 1.109408 -0.592471 0.804840 0.034791 -0.115050 0.091456 0.024290 0.995513 0.000000 0.000000 0.000000 0.000000 1.000000
0.803110 0.589948 -0.083520 1.109408 -0.589478 0.807117 0.032831 -0.115050 0.086779 0.022866 0.995965 0.000000 0.000000 0.000000 0.000000 1.000000
0.800384 0.592994 -0.087999 1.109408 -0.592471 0.804840 0.034791 -0.115050 0.091456 0.024290 0.995513 0.000000 0.000000 0.000000 0.000000 1.000000
0.792723 0.601273 -0.100308 1.109408 -0.600590 0.798542 0.040284 -0.115050 0.104322 0.028310 0.994141 0.000000 0.000000 0.000000 0.000000 1.000000
0.780652 0.613544 -0.118937 1.109408 -0.612575 0.788899 0.048894 -0.115050 0.123828 0.034688 0.991697 -0.000000 0.000000 0.000000 0.000000 1.000000
0.764687 0.628492 -0.142310 1.109408 -0.627091 0.776615 0.060209 -0.115050 0.148361 0.043200 0.987989 -0.000000 0.000000 0.000000 0.000000 1.000000
0.745713 0.644618 -0.168464 1.109408 -0.642631 0.762637 0.073558 -0.115050 0.175894 0.053407 0.982959 0.000000 0.000000 0.000000 0.000000 1.000000
0.725355 0.660223 -0.194846 1.109408 -0.657529 0.748299 0.087774 -0.115050 0.203753 0.064449 0.976899 0.000000 0.000000 0.000000 0.000000 1.000000
0.706227 0.673502 -0.218263 1.109408 -0.670078 0.735382 0.101041 -0.115050 0.228558 0.074895 0.970645 0.000000 0.000000 0.000000 0.000000 1.000000
0.691878 0.682681 -0.235055 1.109408 -0.678673 0.726014 0.110941 -0.115050 0.246390 0.082768 0.965630 0.000000 0.000000 0.000000 0.000000 1.000000
0.686273 0.686099 -0.241448 1.109408 -0.681854 0.722425 0.114796 -0.115050 0.253189 0.085851 0.963600 0.000000 0.000000 0.000000 0.000000 1.000000</float_array><technique_common><accessor source="#jnt_left_leg3-Matrix-animation-output-transform-array" count="19" stride="16"><param type="float4x4"/></accessor></technique_common></source><source id="jnt_left_leg3-Interpolations"><Name_array id="jnt_left_leg3-Interpolations-array" count="19">
 LINEAR LINEAR LINEAR LINEAR LINEAR LINEAR LINEAR LINEAR LINEAR LINEAR LINEAR
LINEAR LINEAR LINEAR LINEAR LINEAR LINEAR LINEAR LINEAR</Name_array><technique_common><accessor source="#jnt_left_leg3-Interpolations-array" count="19"><param type="name"/></accessor></technique_common></source><sampler id="jnt_left_leg3-Matrix-animation-transform"><input semantic="INPUT" source="#jnt_left_leg3-Matrix-animation-input"/><input semantic="OUTPUT" source="#jnt_left_leg3-Matrix-animation-output-transform"/><input semantic="INTERPOLATION" source="#jnt_left_leg3-Interpolations"/></sampler><channel source="#jnt_left_leg3-Matrix-animation-transform" target="jnt_left_leg3/matrix"/></animation></animation>
    <animation id="jnt_left_truster1-anim" name="jnt_left_truster1"><animation><source id="jnt_left_truster1-Matrix-animation-input"><float_array id="jnt_left_truster1-Matrix-animation-input-array" count="19">

0.000000 0.033333 0.066667 0.100000 0.133333 0.166667 0.200000 0.233333 0.266667 0.300000 0.333333 0.366667 0.400000 0.433333 0.466667 0.500000
0.533333 0.566667 0.600000</float_array><technique_common><accessor source="#jnt_left_truster1-Matrix-animation-input-array" count="19"><param name="TIME" type="float"/></accessor></technique_common></source><source id="jnt_left_truster1-Matrix-animation-output-transform"><float_array id="jnt_left_truster1-Matrix-animation-output-transform-array" count="304">

0.707107 -0.707107 0.000000 0.942482 0.707107 0.707107 0.000000 0.339466 0.000000 0.000000 1.000000 0.000187 0.000000 0.000000 0.000000 1.000000
0.715060 -0.699063 0.000000 0.942482 0.699063 0.715060 -0.000000 0.339466 -0.000000 -0.000000 1.000000 0.000187 0.000000 0.000000 0.000000 1.000000
0.735922 -0.677066 -0.000000 0.942482 0.677066 0.735922 0.000000 0.339466 -0.000000 -0.000000 1.000000 0.000187 0.000000 0.000000 0.000000 1.000000
0.764921 -0.644124 0.000000 0.942482 0.644124 0.764921 0.000000 0.339466 0.000000 0.000000 1.000000 0.000187 0.000000 0.000000 0.000000 1.000000
0.797389 -0.603466 0.000000 0.942482 0.603466 0.797389 0.000000 0.339466 -0.000000 -0.000000 1.000000 0.000187 0.000000 0.000000 0.000000 1.000000
0.829218 -0.558925 0.000000 0.942482 0.558925 0.829218 0.000000 0.339466 0.000000 0.000000 1.000000 0.000187 0.000000 0.000000 0.000000 1.000000
0.857167 -0.515038 0.000000 0.942482 0.515038 0.857167 -0.000000 0.339466 0.000000 -0.000000 1.000000 0.000187 0.000000 0.000000 0.000000 1.000000
0.878940 -0.476932 0.000000 0.942482 0.476932 0.878940 -0.000000 0.339466 0.000000 0.000000 1.000000 0.000187 0.000000 0.000000 0.000000 1.000000
0.892994 -0.450070 -0.000000 0.942482 0.450070 0.892994 -0.000000 0.339466 0.000000 -0.000000 1.000000 0.000187 0.000000 0.000000 0.000000 1.000000
0.898028 -0.439939 -0.000000 0.942482 0.439939 0.898028 -0.000000 0.339466 -0.000000 -0.000000 1.000000 0.000187 0.000000 0.000000 0.000000 1.000000
0.892994 -0.450070 -0.000000 0.942482 0.450070 0.892994 -0.000000 0.339466 0.000000 -0.000000 1.000000 0.000187 0.000000 0.000000 0.000000 1.000000
0.878940 -0.476932 -0.000000 0.942482 0.476932 0.878940 0.000000 0.339466 0.000000 -0.000000 1.000000 0.000187 0.000000 0.000000 0.000000 1.000000
0.857167 -0.515038 0.000000 0.942482 0.515038 0.857167 0.000000 0.339466 -0.000000 -0.000000 1.000000 0.000187 0.000000 0.000000 0.000000 1.000000
0.829218 -0.558925 -0.000000 0.942482 0.558925 0.829218 0.000000 0.339466 -0.000000 -0.000000 1.000000 0.000187 0.000000 0.000000 0.000000 1.000000
0.797389 -0.603466 0.000000 0.942482 0.603466 0.797389 0.000000 0.339466 0.000000 0.000000 1.000000 0.000187 0.000000 0.000000 0.000000 1.000000
0.764921 -0.644124 -0.000000 0.942482 0.644124 0.764921 0.000000 0.339466 -0.000000 0.000000 1.000000 0.000187 0.000000 0.000000 0.000000 1.000000
0.735922 -0.677066 0.000000 0.942482 0.677066 0.735922 0.000000 0.339466 0.000000 -0.000000 1.000000 0.000187 0.000000 0.000000 0.000000 1.000000
0.715060 -0.699063 0.000000 0.942482 0.699063 0.715060 -0.000000 0.339466 0.000000 -0.000000 1.000000 0.000187 0.000000 0.000000 0.000000 1.000000
0.707107 -0.707107 0.000000 0.942482 0.707107 0.707107 0.000000 0.339466 0.000000 0.000000 1.000000 0.000187 0.000000 0.000000 0.000000 1.000000</float_array><technique_common><accessor source="#jnt_left_truster1-Matrix-animation-output-transform-array" count="19" stride="16"><param type="float4x4"/></accessor></technique_common></source><source id="jnt_left_truster1-Interpolations"><Name_array id="jnt_left_truster1-Interpolations-array" count="19">
 LINEAR LINEAR LINEAR LINEAR LINEAR LINEAR LINEAR LINEAR LINEAR LINEAR LINEAR
LINEAR LINEAR LINEAR LINEAR LINEAR LINEAR LINEAR LINEAR</Name_array><technique_common><accessor source="#jnt_left_truster1-Interpolations-array" count="19"><param type="name"/></accessor></technique_common></source><sampler id="jnt_left_truster1-Matrix-animation-transform"><input semantic="INPUT" source="#jnt_left_truster1-Matrix-animation-input"/><input semantic="OUTPUT" source="#jnt_left_truster1-Matrix-animation-output-transform"/><input semantic="INTERPOLATION" source="#jnt_left_truster1-Interpolations"/></sampler><channel source="#jnt_left_truster1-Matrix-animation-transform" target="jnt_left_truster1/matrix"/></animation></animation>
    <animation id="jnt_left_truster2-anim" name="jnt_left_truster2"><animation><source id="jnt_left_truster2-Matrix-animation-input"><float_array id="jnt_left_truster2-Matrix-animation-input-array" count="19">

0.000000 0.033333 0.066667 0.100000 0.133333 0.166667 0.200000 0.233333 0.266667 0.300000 0.333333 0.366667 0.400000 0.433333 0.466667 0.500000
0.533333 0.566667 0.600000</float_array><technique_common><accessor source="#jnt_left_truster2-Matrix-animation-input-array" count="19"><param name="TIME" type="float"/></accessor></technique_common></source><source id="jnt_left_truster2-Matrix-animation-output-transform"><float_array id="jnt_left_truster2-Matrix-animation-output-transform-array" count="304">

0.707107 -0.000000 -0.707107 0.942482 -0.000000 1.000000 -0.000000 -0.000000 0.707107 0.000000 0.707107 0.288533 0.000000 0.000000 0.000000 1.000000
0.715060 0.000000 -0.699063 0.942482 -0.000000 1.000000 0.000000 -0.000000 0.699063 -0.000000 0.715060 0.288533 0.000000 0.000000 0.000000 1.000000
0.735922 0.000000 -0.677066 0.942482 0.000000 1.000000 0.000000 -0.000000 0.677066 -0.000000 0.735922 0.288533 0.000000 0.000000 0.000000 1.000000
0.764921 0.000000 -0.644124 0.942482 0.000000 1.000000 0.000000 -0.000000 0.644124 -0.000000 0.764921 0.288533 0.000000 0.000000 0.000000 1.000000
0.797389 0.000000 -0.603466 0.942482 0.000000 1.000000 0.000000 -0.000000 0.603466 0.000000 0.797389 0.288533 0.000000 0.000000 0.000000 1.000000
0.829218 -0.000000 -0.558925 0.942482 0.000000 1.000000 0.000000 -0.000000 0.558925 0.000000 0.829218 0.288533 0.000000 0.000000 0.000000 1.000000
0.857167 0.000000 -0.515038 0.942482 -0.000000 1.000000 0.000000 -0.000000 0.515038 -0.000000 0.857167 0.288533 0.000000 0.000000 0.000000 1.000000
0.878940 0.000000 -0.476932 0.942482 0.000000 1.000000 -0.000000 -0.000000 0.476932 0.000000 0.878940 0.288533 0.000000 0.000000 0.000000 1.000000
0.892994 -0.000000 -0.450070 0.942482 -0.000000 1.000000 -0.000000 -0.000000 0.450070 -0.000000 0.892994 0.288533 0.000000 0.000000 0.000000 1.000000
0.898028 -0.000000 -0.439939 0.942482 -0.000000 1.000000 -0.000000 -0.000000 0.439939 0.000000 0.898028 0.288533 0.000000 0.000000 0.000000 1.000000
0.892994 -0.000000 -0.450070 0.942482 -0.000000 1.000000 -0.000000 -0.000000 0.450070 -0.000000 0.892994 0.288533 0.000000 0.000000 0.000000 1.000000
0.878940 -0.000000 -0.476932 0.942482 0.000000 1.000000 0.000000 -0.000000 0.476932 0.000000 0.878940 0.288533 0.000000 0.000000 0.000000 1.000000
0.857167 0.000000 -0.515038 0.942482 0.000000 1.000000 -0.000000 -0.000000 0.515038 0.000000 0.857167 0.288533 0.000000 0.000000 0.000000 1.000000
0.829218 -0.000000 -0.558925 0.942482 0.000000 1.000000 -0.000000 -0.000000 0.558925 -0.000000 0.829218 0.288533 0.000000 0.000000 0.000000 1.000000
0.797389 0.000000 -0.603466 0.942482 0.000000 1.000000 0.000000 -0.000000 0.603466 0.000000 0.797389 0.288533 0.000000 0.000000 0.000000 1.000000
0.764921 0.000000 -0.644124 0.942482 0.000000 1.000000 0.000000 -0.000000 0.644124 -0.000000 0.764921 0.288533 0.000000 0.000000 0.000000 1.000000
0.735922 -0.000000 -0.677066 0.942482 -0.000000 1.000000 0.000000 -0.000000 0.677066 0.000000 0.735922 0.288533 0.000000 0.000000 0.000000 1.000000
0.715060 0.000000 -0.699063 0.942482 -0.000000 1.000000 0.000000 -0.000000 0.699063 0.000000 0.715060 0.288533 0.000000 0.000000 0.000000 1.000000
0.707107 -0.000000 -0.707107 0.942482 -0.000000 1.000000 -0.000000 -0.000000 0.707107 0.000000 0.707107 0.288533 0.000000 0.000000 0.000000 1.000000</float_array><technique_common><accessor source="#jnt_left_truster2-Matrix-animation-output-transform-array" count="19" stride="16"><param type="float4x4"/></accessor></technique_common></source><source id="jnt_left_truster2-Interpolations"><Name_array id="jnt_left_truster2-Interpolations-array" count="19">
 LINEAR LINEAR LINEAR LINEAR LINEAR LINEAR LINEAR LINEAR LINEAR LINEAR LINEAR
LINEAR LINEAR LINEAR LINEAR LINEAR LINEAR LINEAR LINEAR</Name_array><technique_common><accessor source="#jnt_left_truster2-Interpolations-array" count="19"><param type="name"/></accessor></technique_common></source><sampler id="jnt_left_truster2-Matrix-animation-transform"><input semantic="INPUT" source="#jnt_left_truster2-Matrix-animation-input"/><input semantic="OUTPUT" source="#jnt_left_truster2-Matrix-animation-output-transform"/><input semantic="INTERPOLATION" source="#jnt_left_truster2-Interpolations"/></sampler><channel source="#jnt_left_truster2-Matrix-animation-transform" target="jnt_left_truster2/matrix"/></animation></animation>
    <animation id="jnt_left_truster3-anim" name="jnt_left_truster3"><animation><source id="jnt_left_truster3-Matrix-animation-input"><float_array id="jnt_left_truster3-Matrix-animation-input-array" count="19">

0.000000 0.033333 0.066667 0.100000 0.133333 0.166667 0.200000 0.233333 0.266667 0.300000 0.333333 0.366667 0.400000 0.433333 0.466667 0.500000
0.533333 0.566667 0.600000</float_array><technique_common><accessor source="#jnt_left_truster3-Matrix-animation-input-array" count="19"><param name="TIME" type="float"/></accessor></technique_common></source><source id="jnt_left_truster3-Matrix-animation-output-transform"><float_array id="jnt_left_truster3-Matrix-animation-output-transform-array" count="304">

0.707107 -0.000000 0.707107 0.942482 -0.000000 1.000000 -0.000000 -0.000000 -0.707107 0.000000 0.707107 -0.288158 0.000000 0.000000 0.000000 1.000000
0.715060 0.000000 0.699063 0.942482 -0.000000 1.000000 -0.000000 -0.000000 -0.699063 -0.000000 0.715060 -0.288158 0.000000 0.000000 0.000000 1.000000
0.735922 0.000000 0.677066 0.942482 -0.000000 1.000000 0.000000 -0.000000 -0.677066 -0.000000 0.735922 -0.288158 0.000000 0.000000 0.000000 1.000000
0.764921 0.000000 0.644124 0.942482 -0.000000 1.000000 0.000000 -0.000000 -0.644124 0.000000 0.764921 -0.288158 0.000000 0.000000 0.000000 1.000000
0.797389 0.000000 0.603466 0.942482 -0.000000 1.000000 0.000000 -0.000000 -0.603466 0.000000 0.797389 -0.288158 0.000000 0.000000 0.000000 1.000000
0.829218 0.000000 0.558925 0.942482 -0.000000 1.000000 0.000000 -0.000000 -0.558925 0.000000 0.829218 -0.288158 0.000000 0.000000 0.000000 1.000000
0.857167 0.000000 0.515038 0.942482 0.000000 1.000000 -0.000000 -0.000000 -0.515038 0.000000 0.857167 -0.288158 0.000000 0.000000 0.000000 1.000000
0.878940 0.000000 0.476932 0.942482 0.000000 1.000000 0.000000 -0.000000 -0.476932 0.000000 0.878940 -0.288158 0.000000 0.000000 0.000000 1.000000
0.892994 -0.000000 0.450070 0.942482 0.000000 1.000000 0.000000 -0.000000 -0.450070 0.000000 0.892994 -0.288158 0.000000 0.000000 0.000000 1.000000
0.898028 -0.000000 0.439939 0.942482 0.000000 1.000000 -0.000000 -0.000000 -0.439939 -0.000000 0.898028 -0.288158 0.000000 0.000000 0.000000 1.000000
0.892994 -0.000000 0.450070 0.942482 0.000000 1.000000 0.000000 -0.000000 -0.450070 0.000000 0.892994 -0.288158 0.000000 0.000000 0.000000 1.000000
0.878940 0.000000 0.476932 0.942482 -0.000000 1.000000 0.000000 -0.000000 -0.476932 -0.000000 0.878940 -0.288158 0.000000 0.000000 0.000000 1.000000
0.857167 0.000000 0.515038 0.942482 0.000000 1.000000 -0.000000 -0.000000 -0.515038 0.000000 0.857167 -0.288158 0.000000 0.000000 0.000000 1.000000
0.829218 -0.000000 0.558925 0.942482 0.000000 1.000000 -0.000000 -0.000000 -0.558925 -0.000000 0.829218 -0.288158 0.000000 0.000000 0.000000 1.000000
0.797389 0.000000 0.603466 0.942482 -0.000000 1.000000 0.000000 -0.000000 -0.603466 0.000000 0.797389 -0.288158 0.000000 0.000000 0.000000 1.000000
0.764921 0.000000 0.644124 0.942482 -0.000000 1.000000 0.000000 -0.000000 -0.644124 -0.000000 0.764921 -0.288158 0.000000 0.000000 0.000000 1.000000
0.735922 -0.000000 0.677066 0.942482 -0.000000 1.000000 0.000000 -0.000000 -0.677066 -0.000000 0.735922 -0.288158 0.000000 0.000000 0.000000 1.000000
0.715060 0.000000 0.699063 0.942482 0.000000 1.000000 -0.000000 -0.000000 -0.699063 0.000000 0.715060 -0.288158 0.000000 0.000000 0.000000 1.000000
