<?xml version="1.0" encoding="utf-8"?>
<COLLADA xmlns="http://www.collada.org/2005/11/COLLADASchema" version="1.4.1">
  <asset><contributor><author></author><authoring_tool>FBX COLLADA exporter</authoring_tool><comments></comments></contributor><created>2019-02-07T17:50:33Z</created><keywords></keywords><modified>2019-02-07T17:50:33Z</modified><revision></revision><subject></subject><title></title><unit meter="0.010000" name="centimeter"></unit><up_axis>Y_UP</up_axis></asset>
  <library_animations>
    <animation id="root_jnt-anim" name="root_jnt"><animation><source id="root_jnt-Matrix-animation-input"><float_array id="root_jnt-Matrix-animation-input-array" count="19">

0.000000 0.033333 0.066667 0.100000 0.133333 0.166667 0.200000 0.233333 0.266667 0.300000 0.333333 0.366667 0.400000 0.433333 0.466667 0.500000
0.533333 0.566667 0.600000</float_array><technique_common><accessor source="#root_jnt-Matrix-animation-input-array" count="19"><param name="TIME" type="float"/></accessor></technique_common></source><source id="root_jnt-Matrix-animation-output-transform"><float_array id="root_jnt-Matrix-animation-output-transform-array" count="304">

1.000000 0.000000 0.000000 0.000000 0.000000 1.000000 0.000000 0.000000 0.000000 0.000000 1.000000 0.000000 0.000000 0.000000 0.000000 1.000000
1.000000 0.000000 0.000000 0.000000 0.000000 1.000000 0.000000 0.000000 0.000000 0.000000 1.000000 0.000000 0.000000 0.000000 0.000000 1.000000
1.000000 0.000000 0.000000 0.000000 0.000000 1.000000 0.000000 0.000000 0.000000 0.000000 1.000000 0.000000 0.000000 0.000000 0.000000 1.000000
1.000000 0.000000 0.000000 0.000000 0.000000 1.000000 0.000000 0.000000 0.000000 0.000000 1.000000 0.000000 0.000000 0.000000 0.000000 1.000000
1.000000 0.000000 0.000000 0.000000 0.000000 1.000000 0.000000 0.000000 0.000000 0.000000 1.000000 0.000000 0.000000 0.000000 0.000000 1.000000
1.000000 0.000000 0.000000 0.000000 0.000000 1.000000 0.000000 0.000000 0.000000 0.000000 1.000000 0.000000 0.000000 0.000000 0.000000 1.000000
1.000000 0.000000 0.000000 0.000000 0.000000 1.000000 0.000000 0.000000 0.000000 0.000000 1.000000 0.000000 0.000000 0.000000 0.000000 1.000000
1.000000 0.000000 0.000000 0.000000 0.000000 1.000000 0.000000 0.000000 0.000000 0.000000 1.000000 0.000000 0.000000 0.000000 0.000000 1.000000
1.000000 0.000000 0.000000 0.000000 0.000000 1.000000 0.000000 0.000000 0.000000 0.000000 1.000000 0.000000 0.000000 0.000000 0.000000 1.000000
1.000000 0.000000 0.000000 0.000000 0.000000 1.000000 0.000000 0.000000 0.000000 0.000000 1.000000 0.000000 0.000000 0.000000 0.000000 1.000000
1.000000 0.000000 0.000000 0.000000 0.000000 1.000000 0.000000 0.000000 0.000000 0.000000 1.000000 0.000000 0.000000 0.000000 0.000000 1.000000
1.000000 0.000000 0.000000 0.000000 0.000000 1.000000 0.000000 0.000000 0.000000 0.000000 1.000000 0.000000 0.000000 0.000000 0.000000 1.000000
1.000000 0.000000 0.000000 0.000000 0.000000 1.000000 0.000000 0.000000 0.000000 0.000000 1.000000 0.000000 0.000000 0.000000 0.000000 1.000000
1.000000 0.000000 0.000000 0.000000 0.000000 1.000000 0.000000 0.000000 0.000000 0.000000 1.000000 0.000000 0.000000 0.000000 0.000000 1.000000
1.000000 0.000000 0.000000 0.000000 0.000000 1.000000 0.000000 0.000000 0.000000 0.000000 1.000000 0.000000 0.000000 0.000000 0.000000 1.000000
1.000000 0.000000 0.000000 0.000000 0.000000 1.000000 0.000000 0.000000 0.000000 0.000000 1.000000 0.000000 0.000000 0.000000 0.000000 1.000000
1.000000 0.000000 0.000000 0.000000 0.000000 1.000000 0.000000 0.000000 0.000000 0.000000 1.000000 0.000000 0.000000 0.000000 0.000000 1.000000
1.000000 0.000000 0.000000 0.000000 0.000000 1.000000 0.000000 0.000000 0.000000 0.000000 1.000000 0.000000 0.000000 0.000000 0.000000 1.000000
1.000000 0.000000 0.000000 0.000000 0.000000 1.000000 0.000000 0.000000 0.000000 0.000000 1.000000 0.000000 0.000000 0.000000 0.000000 1.000000</float_array><technique_common><accessor source="#root_jnt-Matrix-animation-output-transform-array" count="19" stride="16"><param type="float4x4"/></accessor></technique_common></source><source id="root_jnt-Interpolations"><Name_array id="root_jnt-Interpolations-array" count="19">
 LINEAR LINEAR LINEAR LINEAR LINEAR LINEAR LINEAR LINEAR LINEAR LINEAR LINEAR
LINEAR LINEAR LINEAR LINEAR LINEAR LINEAR LINEAR LINEAR</Name_array><technique_common><accessor source="#root_jnt-Interpolations-array" count="19"><param type="name"/></accessor></technique_common></source><sampler id="root_jnt-Matrix-animation-transform"><input semantic="INPUT" source="#root_jnt-Matrix-animation-input"/><input semantic="OUTPUT" source="#root_jnt-Matrix-animation-output-transform"/><input semantic="INTERPOLATION" source="#root_jnt-Interpolations"/></sampler><channel source="#root_jnt-Matrix-animation-transform" target="root_jnt/matrix"/></animation></animation>
    <animation id="jnt_hips-anim" name="jnt_hips"><animation><source id="jnt_hips-Matrix-animation-input"><float_array id="jnt_hips-Matrix-animation-input-array" count="19">

0.000000 0.033333 0.066667 0.100000 0.133333 0.166667 0.200000 0.233333 0.266667 0.300000 0.333333 0.366667 0.400000 0.433333 0.466667 0.500000
0.533333 0.566667 0.600000</float_array><technique_common><accessor source="#jnt_hips-Matrix-animation-input-array" count="19"><param name="TIME" type="float"/></accessor></technique_common></source><source id="jnt_hips-Matrix-animation-output-transform"><float_array id="jnt_hips-Matrix-animation-output-transform-array" count="304">

1.000000 0.000000 0.000000 0.000000 0.000000 0.983059 -0.183288 4.862378 0.000000 0.183288 0.983059 -0.094053 0.000000 0.000000 0.000000 1.000000
1.000000 0.000000 0.000000 0.000000 0.000000 0.983059 -0.183288 4.862378 0.000000 0.183288 0.983059 -0.094053 0.000000 0.000000 0.000000 1.000000
1.000000 0.000000 0.000000 0.000000 0.000000 0.983059 -0.183288 4.862378 0.000000 0.183288 0.983059 -0.094053 0.000000 0.000000 0.000000 1.000000
1.000000 0.000000 0.000000 0.000000 0.000000 0.983059 -0.183288 4.862378 0.000000 0.183288 0.983059 -0.094053 0.000000 0.000000 0.000000 1.000000
1.000000 0.000000 0.000000 0.000000 0.000000 0.983059 -0.183288 4.862378 0.000000 0.183288 0.983059 -0.094053 0.000000 0.000000 0.000000 1.000000
1.000000 0.000000 0.000000 0.000000 0.000000 0.983059 -0.183288 4.862378 0.000000 0.183288 0.983059 -0.094053 0.000000 0.000000 0.000000 1.000000
1.000000 0.000000 0.000000 0.000000 0.000000 0.983059 -0.183288 4.862378 0.000000 0.183288 0.983059 -0.094053 0.000000 0.000000 0.000000 1.000000
1.000000 0.000000 0.000000 0.000000 0.000000 0.983059 -0.183288 4.862378 0.000000 0.183288 0.983059 -0.094053 0.000000 0.000000 0.000000 1.000000
1.000000 0.000000 0.000000 0.000000 0.000000 0.983059 -0.183288 4.862378 0.000000 0.183288 0.983059 -0.094053 0.000000 0.000000 0.000000 1.000000
1.000000 0.000000 0.000000 0.000000 0.000000 0.983059 -0.183288 4.862378 0.000000 0.183288 0.983059 -0.094053 0.000000 0.000000 0.000000 1.000000
1.000000 0.000000 0.000000 0.000000 0.000000 0.983059 -0.183288 4.862378 0.000000 0.183288 0.983059 -0.094053 0.000000 0.000000 0.000000 1.000000
1.000000 0.000000 0.000000 0.000000 0.000000 0.983059 -0.183288 4.862378 0.000000 0.183288 0.983059 -0.094053 0.000000 0.000000 0.000000 1.000000
1.000000 0.000000 0.000000 0.000000 0.000000 0.983059 -0.183288 4.862378 0.000000 0.183288 0.983059 -0.094053 0.000000 0.000000 0.000000 1.000000
1.000000 0.000000 0.000000 0.000000 0.000000 0.983059 -0.183288 4.862378 0.000000 0.183288 0.983059 -0.094053 0.000000 0.000000 0.000000 1.000000
1.000000 0.000000 0.000000 0.000000 0.000000 0.983059 -0.183288 4.862378 0.000000 0.183288 0.983059 -0.094053 0.000000 0.000000 0.000000 1.000000
1.000000 0.000000 0.000000 0.000000 0.000000 0.983059 -0.183288 4.862378 0.000000 0.183288 0.983059 -0.094053 0.000000 0.000000 0.000000 1.000000
1.000000 0.000000 0.000000 0.000000 0.000000 0.983059 -0.183288 4.862378 0.000000 0.183288 0.983059 -0.094053 0.000000 0.000000 0.000000 1.000000
1.000000 0.000000 0.000000 0.000000 0.000000 0.983059 -0.183288 4.862378 0.000000 0.183288 0.983059 -0.094053 0.000000 0.000000 0.000000 1.000000
1.000000 0.000000 0.000000 0.000000 0.000000 0.983059 -0.183288 4.862378 0.000000 0.183288 0.983059 -0.094053 0.000000 0.000000 0.000000 1.000000</float_array><technique_common><accessor source="#jnt_hips-Matrix-animation-output-transform-array" count="19" stride="16"><param type="float4x4"/></accessor></technique_common></source><source id="jnt_hips-Interpolations"><Name_array id="jnt_hips-Interpolations-array" count="19">
 LINEAR LINEAR LINEAR LINEAR LINEAR LINEAR LINEAR LINEAR LINEAR LINEAR LINEAR
LINEAR LINEAR LINEAR LINEAR LINEAR LINEAR LINEAR LINEAR</Name_array><technique_common><accessor source="#jnt_hips-Interpolations-array" count="19"><param type="name"/></accessor></technique_common></source><sampler id="jnt_hips-Matrix-animation-transform"><input semantic="INPUT" source="#jnt_hips-Matrix-animation-input"/><input semantic="OUTPUT" source="#jnt_hips-Matrix-animation-output-transform"/><input semantic="INTERPOLATION" source="#jnt_hips-Interpolations"/></sampler><channel source="#jnt_hips-Matrix-animation-transform" target="jnt_hips/matrix"/></animation></animation>
    <animation id="jnt_pelvis-anim" name="jnt_pelvis"><animation><source id="jnt_pelvis-Matrix-animation-input"><float_array id="jnt_pelvis-Matrix-animation-input-array" count="19">

0.000000 0.033333 0.066667 0.100000 0.133333 0.166667 0.200000 0.233333 0.266667 0.300000 0.333333 0.366667 0.400000 0.433333 0.466667 0.500000
0.533333 0.566667 0.600000</float_array><technique_common><accessor source="#jnt_pelvis-Matrix-animation-input-array" count="19"><param name="TIME" type="float"/></accessor></technique_common></source><source id="jnt_pelvis-Matrix-animation-output-transform"><float_array id="jnt_pelvis-Matrix-animation-output-transform-array" count="304">

1.000000 0.000003 -0.000000 0.032566 -0.000002 0.959132 -0.282960 -0.706852 -0.000001 0.282960 0.959132 -0.345990 0.000000 0.000000 0.000000 1.000000
1.000000 0.000003 -0.000000 0.032566 -0.000002 0.959132 -0.282960 -0.712889 -0.000001 0.282960 0.959132 -0.345990 0.000000 0.000000 0.000000 1.000000
1.000000 0.000003 -0.000000 0.032566 -0.000002 0.959132 -0.282960 -0.727982 -0.000001 0.282960 0.959132 -0.345990 0.000000 0.000000 0.000000 1.000000
1.000000 0.000003 -0.000000 0.032566 -0.000002 0.959132 -0.282960 -0.747603 -0.000001 0.282960 0.959132 -0.345990 0.000000 0.000000 0.000000 1.000000
1.000000 0.000003 -0.000000 0.032566 -0.000002 0.959132 -0.282960 -0.767224 -0.000001 0.282960 0.959132 -0.345990 0.000000 0.000000 0.000000 1.000000
1.000000 0.000003 -0.000000 0.032566 -0.000002 0.959132 -0.282960 -0.782317 -0.000001 0.282960 0.959132 -0.345990 0.000000 0.000000 0.000000 1.000000
1.000000 0.000003 -0.000000 0.032566 -0.000002 0.959132 -0.282960 -0.788354 -0.000001 0.282960 0.959132 -0.345990 0.000000 0.000000 0.000000 1.000000
1.000000 0.000003 -0.000000 0.032566 -0.000002 0.959132 -0.282960 -0.786750 -0.000001 0.282960 0.959132 -0.345990 0.000000 0.000000 0.000000 1.000000
1.000000 0.000003 -0.000000 0.032566 -0.000002 0.959132 -0.282960 -0.782317 -0.000001 0.282960 0.959132 -0.345990 0.000000 0.000000 0.000000 1.000000
1.000000 0.000003 -0.000000 0.032566 -0.000002 0.959132 -0.282960 -0.775619 -0.000001 0.282960 0.959132 -0.345990 0.000000 0.000000 0.000000 1.000000
1.000000 0.000003 -0.000000 0.032566 -0.000002 0.959132 -0.282960 -0.767224 -0.000001 0.282960 0.959132 -0.345990 0.000000 0.000000 0.000000 1.000000
1.000000 0.000003 -0.000000 0.032566 -0.000002 0.959132 -0.282960 -0.757696 -0.000001 0.282960 0.959132 -0.345990 0.000000 0.000000 0.000000 1.000000
1.000000 0.000003 -0.000000 0.032566 -0.000002 0.959132 -0.282960 -0.747603 -0.000001 0.282960 0.959132 -0.345990 0.000000 0.000000 0.000000 1.000000
1.000000 0.000003 -0.000000 0.032566 -0.000002 0.959132 -0.282960 -0.737509 -0.000001 0.282960 0.959132 -0.345990 0.000000 0.000000 0.000000 1.000000
1.000000 0.000003 -0.000000 0.032566 -0.000002 0.959132 -0.282960 -0.727982 -0.000001 0.282960 0.959132 -0.345990 0.000000 0.000000 0.000000 1.000000
1.000000 0.000003 -0.000000 0.032566 -0.000002 0.959132 -0.282960 -0.719587 -0.000001 0.282960 0.959132 -0.345990 0.000000 0.000000 0.000000 1.000000
1.000000 0.000003 -0.000000 0.032566 -0.000002 0.959132 -0.282960 -0.712889 -0.000001 0.282960 0.959132 -0.345990 0.000000 0.000000 0.000000 1.000000
1.000000 0.000003 -0.000000 0.032566 -0.000002 0.959132 -0.282960 -0.708455 -0.000001 0.282960 0.959132 -0.345990 0.000000 0.000000 0.000000 1.000000
1.000000 0.000003 -0.000000 0.032566 -0.000002 0.959132 -0.282960 -0.706852 -0.000001 0.282960 0.959132 -0.345990 0.000000 0.000000 0.000000 1.000000</float_array><technique_common><accessor source="#jnt_pelvis-Matrix-animation-output-transform-array" count="19" stride="16"><param type="float4x4"/></accessor></technique_common></source><source id="jnt_pelvis-Interpolations"><Name_array id="jnt_pelvis-Interpolations-array" count="19">
 LINEAR LINEAR LINEAR LINEAR LINEAR LINEAR LINEAR LINEAR LINEAR LINEAR LINEAR
LINEAR LINEAR LINEAR LINEAR LINEAR LINEAR LINEAR LINEAR</Name_array><technique_common><accessor source="#jnt_pelvis-Interpolations-array" count="19"><param type="name"/></accessor></technique_common></source><sampler id="jnt_pelvis-Matrix-animation-transform"><input semantic="INPUT" source="#jnt_pelvis-Matrix-animation-input"/><input semantic="OUTPUT" source="#jnt_pelvis-Matrix-animation-output-transform"/><input semantic="INTERPOLATION" source="#jnt_pelvis-Interpolations"/></sampler><channel source="#jnt_pelvis-Matrix-animation-transform" target="jnt_pelvis/matrix"/></animation></animation>
    <animation id="jnt_left_leg1-anim" name="jnt_left_leg1"><animation><source id="jnt_left_leg1-Matrix-animation-input"><float_array id="jnt_left_leg1-Matrix-animation-input-array" count="19">

0.000000 0.033333 0.066667 0.100000 0.133333 0.166667 0.200000 0.233333 0.266667 0.300000 0.333333 0.366667 0.400000 0.433333 0.466667 0.500000
0.533333 0.566667 0.600000</float_array><technique_common><accessor source="#jnt_left_leg1-Matrix-animation-input-array" count="19"><param name="TIME" type="float"/></accessor></technique_common></source><source id="jnt_left_leg1-Matrix-animation-output-transform"><float_array id="jnt_left_leg1-Matrix-animation-output-transform-array" count="304">

0.792520 0.216287 -0.570203 0.500157 -0.503502 0.759607 -0.411683 -0.457422 0.344088 0.613365 0.710905 0.000000 0.000000 0.000000 0.000000 1.000000
0.787321 0.222333 -0.575059 0.500157 -0.510844 0.757470 -0.406544 -0.457422 0.345202 0.613846 0.709950 0.000000 0.000000 0.000000 0.000000 1.000000
0.773441 0.238045 -0.587473 0.500157 -0.529803 0.751586 -0.392971 -0.457422 0.347991 0.615185 0.707425 0.000000 0.000000 0.000000 0.000000 1.000000
0.753555 0.259551 -0.603977 0.500157 -0.555482 0.742740 -0.373867 -0.457422 0.351561 0.617228 0.703871 0.000000 0.000000 0.000000 0.000000 1.000000
0.730432 0.283224 -0.621493 0.500157 -0.583386 0.731904 -0.352104 -0.457422 0.355148 0.619758 0.699835 -0.000000 0.000000 0.000000 0.000000 1.000000
0.706776 0.306123 -0.637775 0.500157 -0.610011 0.720276 -0.330286 -0.457422 0.358266 0.622488 0.695812 0.000000 0.000000 0.000000 0.000000 1.000000
0.685033 0.326109 -0.651447 0.500157 -0.632956 0.709155 -0.310591 -0.457422 0.360690 0.625102 0.692207 0.000000 0.000000 0.000000 0.000000 1.000000
0.667302 0.341719 -0.661768 0.500157 -0.650682 0.699806 -0.294762 -0.457422 0.362383 0.627295 0.689332 0.000000 0.000000 0.000000 0.000000 1.000000
0.655393 0.351879 -0.668312 0.500157 -0.662125 0.693396 -0.284240 -0.457422 0.363387 0.628796 0.687434 0.000000 0.000000 0.000000 0.000000 1.000000
0.651021 0.355545 -0.670641 0.500157 -0.666237 0.691017 -0.280399 -0.457422 0.363730 0.629351 0.686744 0.000000 0.000000 0.000000 0.000000 1.000000
0.655393 0.351879 -0.668312 0.500157 -0.662125 0.693396 -0.284240 -0.457422 0.363387 0.628796 0.687434 -0.000000 0.000000 0.000000 0.000000 1.000000
0.667302 0.341719 -0.661768 0.500157 -0.650682 0.699806 -0.294762 -0.457422 0.362383 0.627295 0.689332 0.000000 0.000000 0.000000 0.000000 1.000000
0.685033 0.326109 -0.651447 0.500157 -0.632956 0.709155 -0.310591 -0.457422 0.360690 0.625102 0.692207 0.000000 0.000000 0.000000 0.000000 1.000000
0.706776 0.306123 -0.637775 0.500157 -0.610011 0.720276 -0.330286 -0.457422 0.358266 0.622488 0.695812 0.000000 0.000000 0.000000 0.000000 1.000000
0.730432 0.283225 -0.621493 0.500157 -0.583386 0.731904 -0.352104 -0.457422 0.355148 0.619758 0.699835 0.000000 0.000000 0.000000 0.000000 1.000000
0.753555 0.259551 -0.603977 0.500157 -0.555482 0.742740 -0.373867 -0.457422 0.351561 0.617228 0.703871 0.000000 0.000000 0.000000 0.000000 1.000000
0.773441 0.238045 -0.587473 0.500157 -0.529803 0.751586 -0.392971 -0.457422 0.347991 0.615185 0.707425 0.000000 0.000000 0.000000 0.000000 1.000000
0.787321 0.222333 -0.575059 0.500157 -0.510844 0.757470 -0.406544 -0.457422 0.345202 0.613846 0.709950 0.000000 0.000000 0.000000 0.000000 1.000000
0.792520 0.216287 -0.570203 0.500157 -0.503502 0.759607 -0.411683 -0.457422 0.344088 0.613365 0.710905 0.000000 0.000000 0.000000 0.000000 1.000000</float_array><technique_common><accessor source="#jnt_left_leg1-Matrix-animation-output-transform-array" count="19" stride="16"><param type="float4x4"/></accessor></technique_common></source><source id="jnt_left_leg1-Interpolations"><Name_array id="jnt_left_leg1-Interpolations-array" count="19">
 LINEAR LINEAR LINEAR LINEAR LINEAR LINEAR LINEAR LINEAR LINEAR LINEAR LINEAR
LINEAR LINEAR LINEAR LINEAR LINEAR LINEAR LINEAR LINEAR</Name_array><technique_common><accessor source="#jnt_left_leg1-Interpolations-array" count="19"><param type="name"/></accessor></technique_common></source><sampler id="jnt_left_leg1-Matrix-animation-transform"><input semantic="INPUT" source="#jnt_left_leg1-Matrix-animation-input"/><input semantic="OUTPUT" source="#jnt_left_leg1-Matrix-animation-output-transform"/><input semantic="INTERPOLATION" source="#jnt_left_leg1-Interpolations"/></sampler><channel source="#jnt_left_leg1-Matrix-animation-transform" target="jnt_left_leg1/matrix"/></animation></animation>
    <animation id="jnt_left_leg2-anim" name="jnt_left_leg2"><animation><source id="jnt_left_leg2-Matrix-animation-input"><float_array id="jnt_left_leg2-Matrix-animation-input-array" count="19">

0.000000 0.033333 0.066667 0.100000 0.133333 0.166667 0.200000 0.233333 0.266667 0.300000 0.333333 0.366667 0.400000 0.433333 0.466667 0.500000
0.533333 0.566667 0.600000</float_array><technique_common><accessor source="#jnt_left_leg2-Matrix-animation-input-array" count="19"><param name="TIME" type="float"/></accessor></technique_common></source><source id="jnt_left_leg2-Matrix-animation-output-transform"><float_array id="jnt_left_leg2-Matrix-animation-output-transform-array" count="304">

1.000000 0.000000 -0.000000 0.572971 0.000000 1.000000 0.000000 0.016592 0.000000 0.000000 1.000000 -0.000000 0.000000 0.000000 0.000000 1.000000
1.000000 0.000000 -0.000000 0.572971 -0.000000 1.000000 0.000000 0.016592 0.000000 -0.000000 1.000000 -0.000000 0.000000 0.000000 0.000000 1.000000
1.000000 -0.000000 0.000000 0.572971 -0.000000 1.000000 0.000000 0.016592 0.000000 0.000000 1.000000 -0.000000 0.000000 0.000000 0.000000 1.000000
1.000000 0.000000 -0.000000 0.572971 -0.000000 1.000000 -0.000000 0.016592 -0.000000 0.000000 1.000000 -0.000000 0.000000 0.000000 0.000000 1.000000
1.000000 0.000000 0.000000 0.572971 0.000000 1.000000 0.000000 0.016592 -0.000000 0.000000 1.000000 -0.000000 0.000000 0.000000 0.000000 1.000000
1.000000 -0.000000 -0.000000 0.572971 -0.000000 1.000000 0.000000 0.016592 -0.000000 -0.000000 1.000000 -0.000000 0.000000 0.000000 0.000000 1.000000
1.000000 -0.000000 0.000000 0.572971 -0.000000 1.000000 0.000000 0.016592 0.000000 0.000000 1.000000 -0.000000 0.000000 0.000000 0.000000 1.000000
1.000000 0.000000 -0.000000 0.572971 -0.000000 1.000000 0.000000 0.016592 0.000000 0.000000 1.000000 -0.000000 0.000000 0.000000 0.000000 1.000000
1.000000 -0.000000 -0.000000 0.572971 -0.000000 1.000000 0.000000 0.016592 -0.000000 0.000000 1.000000 -0.000000 0.000000 0.000000 0.000000 1.000000
1.000000 -0.000000 -0.000000 0.572971 0.000000 1.000000 -0.000000 0.016592 -0.000000 0.000000 1.000000 -0.000000 0.000000 0.000000 0.000000 1.000000
1.000000 -0.000000 -0.000000 0.572971 -0.000000 1.000000 0.000000 0.016592 -0.000000 0.000000 1.000000 -0.000000 0.000000 0.000000 0.000000 1.000000
1.000000 0.000000 -0.000000 0.572971 -0.000000 1.000000 0.000000 0.016592 0.000000 0.000000 1.000000 -0.000000 0.000000 0.000000 0.000000 1.000000
1.000000 -0.000000 0.000000 0.572971 -0.000000 1.000000 0.000000 0.016592 0.000000 0.000000 1.000000 -0.000000 0.000000 0.000000 0.000000 1.000000
1.000000 -0.000000 -0.000000 0.572971 -0.000000 1.000000 0.000000 0.016592 -0.000000 -0.000000 1.000000 -0.000000 0.000000 0.000000 0.000000 1.000000
1.000000 0.000000 0.000000 0.572971 -0.000000 1.000000 -0.000000 0.016592 -0.000000 -0.000000 1.000000 -0.000000 0.000000 0.000000 0.000000 1.000000
1.000000 0.000000 -0.000000 0.572971 -0.000000 1.000000 -0.000000 0.016592 -0.000000 0.000000 1.000000 -0.000000 0.000000 0.000000 0.000000 1.000000
1.000000 -0.000000 0.000000 0.572971 -0.000000 1.000000 0.000000 0.016592 0.000000 0.000000 1.000000 -0.000000 0.000000 0.000000 0.000000 1.000000
1.000000 0.000000 -0.000000 0.572971 -0.000000 1.000000 0.000000 0.016592 0.000000 -0.000000 1.000000 -0.000000 0.000000 0.000000 0.000000 1.000000
1.000000 0.000000 -0.000000 0.572971 0.000000 1.000000 0.000000 0.016592 0.000000 0.000000 1.000000 -0.000000 0.000000 0.000000 0.000000 1.000000</float_array><technique_common><accessor source="#jnt_left_leg2-Matrix-animation-output-transform-array" count="19" stride="16"><param type="float4x4"/></accessor></technique_common></source><source id="jnt_left_leg2-Interpolations"><Name_array id="jnt_left_leg2-Interpolations-array" count="19">
 LINEAR LINEAR LINEAR LINEAR LINEAR LINEAR LINEAR LINEAR LINEAR LINEAR LINEAR
LINEAR LINEAR LINEAR LINEAR LINEAR LINEAR LINEAR LINEAR</Name_array><technique_common><accessor source="#jnt_left_leg2-Interpolations-array" count="19"><param type="name"/></accessor></technique_common></source><sampler id="jnt_left_leg2-Matrix-animation-transform"><input semantic="INPUT" source="#jnt_left_leg2-Matrix-animation-input"/><input semantic="OUTPUT" source="#jnt_left_leg2-Matrix-animation-output-transform"/><input semantic="INTERPOLATION" source="#jnt_left_leg2-Interpolations"/></sampler><channel source="#jnt_left_leg2-Matrix-animation-transform" target="jnt_left_leg2/matrix"/></animation></animation>
    <animation id="jnt_left_leg3-anim" name="jnt_left_leg3"><animation><source id="jnt_left_leg3-Matrix-animation-input"><float_array id="jnt_left_leg3-Matrix-animation-input-array" count="19">

0.000000 0.033333 0.066667 0.100000 0.133333 0.166667 0.200000 0.233333 0.266667 0.300000 0.333333 0.366667 0.400000 0.433333 0.466667 0.500000
0.533333 0.566667 0.600000</float_array><technique_common><accessor source="#jnt_left_leg3-Matrix-animation-input-array" count="19"><param name="TIME" type="float"/></accessor></technique_common></source><source id="jnt_left_leg3-Matrix-animation-output-transform"><float_array id="jnt_left_leg3-Matrix-animation-output-transform-array" count="304">

0.700509 0.672331 -0.239285 1.109408 -0.668202 0.735671 0.110882 -0.115050 0.250585 0.082217 0.964597 0.000000 0.000000 0.000000 0.000000 1.000000
0.706200 0.668434 -0.233404 1.109408 -0.664520 0.739529 0.107289 -0.115050 0.244324 0.079334 0.966443 0.000000 0.000000 0.000000 0.000000 1.000000
0.720776 0.658012 -0.217949 1.109408 -0.654632 0.749559 0.098076 -0.115050 0.227901 0.071986 0.971020 0.000000 0.000000 0.000000 0.000000 1.000000
0.740225 0.643041 -0.196380 1.109408 -0.640331 0.763296 0.085758 -0.115050 0.205043 0.062268 0.976770 0.000000 0.000000 0.000000 0.000000 1.000000
0.760951 0.625581 -0.172055 1.109408 -0.623529 0.778422 0.072599 -0.115050 0.179348 0.052037 0.982409 0.000000 0.000000 0.000000 0.000000 1.000000
0.780298 0.607666 -0.147909 1.109408 -0.606169 0.793048 0.060282 -0.115050 0.153930 0.042620 0.987162 0.000000 0.000000 0.000000 0.000000 1.000000
0.796604 0.591159 -0.126306 1.109408 -0.590079 0.805804 0.049873 -0.115050 0.131261 0.034801 0.990737 0.000000 0.000000 0.000000 0.000000 1.000000
0.808950 0.577671 -0.109069 1.109408 -0.576872 0.815756 0.041973 -0.115050 0.113220 0.028965 0.993148 0.000000 0.000000 0.000000 0.000000 1.000000
0.816796 0.568599 -0.097670 1.109408 -0.567961 0.822226 0.036942 -0.115050 0.101312 0.025299 0.994533 0.000000 0.000000 0.000000 0.000000 1.000000
0.819590 0.565266 -0.093521 1.109408 -0.564683 0.824559 0.035149 -0.115050 0.096982 0.024002 0.994997 0.000000 0.000000 0.000000 0.000000 1.000000
0.816796 0.568599 -0.097670 1.109408 -0.567961 0.822226 0.036942 -0.115050 0.101312 0.025299 0.994533 0.000000 0.000000 0.000000 0.000000 1.000000
0.808950 0.577671 -0.109069 1.109408 -0.576872 0.815756 0.041973 -0.115050 0.113220 0.028965 0.993148 -0.000000 0.000000 0.000000 0.000000 1.000000
0.796604 0.591159 -0.126306 1.109408 -0.590079 0.805804 0.049873 -0.115050 0.131260 0.034801 0.990737 0.000000 0.000000 0.000000 0.000000 1.000000
0.780298 0.607666 -0.147909 1.109408 -0.606169 0.793048 0.060282 -0.115050 0.153930 0.042620 0.987162 0.000000 0.000000 0.000000 0.000000 1.000000
0.760951 0.625581 -0.172055 1.109408 -0.623529 0.778422 0.072599 -0.115050 0.179348 0.052036 0.982409 0.000000 0.000000 0.000000 0.000000 1.000000
0.740225 0.643041 -0.196380 1.109408 -0.640331 0.763296 0.085758 -0.115050 0.205042 0.062268 0.976770 0.000000 0.000000 0.000000 0.000000 1.000000
0.720776 0.658012 -0.217949 1.109408 -0.654632 0.749559 0.098076 -0.115050 0.227901 0.071986 0.971020 0.000000 0.000000 0.000000 0.000000 1.000000
0.706200 0.668434 -0.233404 1.109408 -0.664520 0.739529 0.107289 -0.115050 0.244324 0.079334 0.966443 0.000000 0.000000 0.000000 0.000000 1.000000
0.700509 0.672331 -0.239285 1.109408 -0.668202 0.735671 0.110882 -0.115050 0.250585 0.082217 0.964597 0.000000 0.000000 0.000000 0.000000 1.000000</float_array><technique_common><accessor source="#jnt_left_leg3-Matrix-animation-output-transform-array" count="19" stride="16"><param type="float4x4"/></accessor></technique_common></source><source id="jnt_left_leg3-Interpolations"><Name_array id="jnt_left_leg3-Interpolations-array" count="19">
 LINEAR LINEAR LINEAR LINEAR LINEAR LINEAR LINEAR LINEAR LINEAR LINEAR LINEAR
LINEAR LINEAR LINEAR LINEAR LINEAR LINEAR LINEAR LINEAR</Name_array><technique_common><accessor source="#jnt_left_leg3-Interpolations-array" count="19"><param type="name"/></accessor></technique_common></source><sampler id="jnt_left_leg3-Matrix-animation-transform"><input semantic="INPUT" source="#jnt_left_leg3-Matrix-animation-input"/><input semantic="OUTPUT" source="#jnt_left_leg3-Matrix-animation-output-transform"/><input semantic="INTERPOLATION" source="#jnt_left_leg3-Interpolations"/></sampler><channel source="#jnt_left_leg3-Matrix-animation-transform" target="jnt_left_leg3/matrix"/></animation></animation>
    <animation id="jnt_left_truster1-anim" name="jnt_left_truster1"><animation><source id="jnt_left_truster1-Matrix-animation-input"><float_array id="jnt_left_truster1-Matrix-animation-input-array" count="19">

0.000000 0.033333 0.066667 0.100000 0.133333 0.166667 0.200000 0.233333 0.266667 0.300000 0.333333 0.366667 0.400000 0.433333 0.466667 0.500000
0.533333 0.566667 0.600000</float_array><technique_common><accessor source="#jnt_left_truster1-Matrix-animation-input-array" count="19"><param name="TIME" type="float"/></accessor></technique_common></source><source id="jnt_left_truster1-Matrix-animation-output-transform"><float_array id="jnt_left_truster1-Matrix-animation-output-transform-array" count="304">

0.707107 -0.707107 -0.000000 0.942482 0.707107 0.707107 -0.000000 0.339466 0.000000 -0.000000 1.000000 0.000187 0.000000 0.000000 0.000000 1.000000
0.715060 -0.699063 -0.000000 0.942482 0.699063 0.715060 -0.000000 0.339466 -0.000000 0.000000 1.000000 0.000187 0.000000 0.000000 0.000000 1.000000
0.735922 -0.677066 0.000000 0.942482 0.677066 0.735922 0.000000 0.339466 -0.000000 -0.000000 1.000000 0.000187 0.000000 0.000000 0.000000 1.000000
0.764921 -0.644124 0.000000 0.942482 0.644124 0.764921 -0.000000 0.339466 0.000000 0.000000 1.000000 0.000187 0.000000 0.000000 0.000000 1.000000
0.797389 -0.603466 -0.000000 0.942482 0.603466 0.797389 -0.000000 0.339466 0.000000 0.000000 1.000000 0.000187 0.000000 0.000000 0.000000 1.000000
0.829218 -0.558925 -0.000000 0.942482 0.558925 0.829218 -0.000000 0.339466 0.000000 0.000000 1.000000 0.000187 0.000000 0.000000 0.000000 1.000000
0.857167 -0.515038 -0.000000 0.942482 0.515038 0.857167 0.000000 0.339466 -0.000000 0.000000 1.000000 0.000187 0.000000 0.000000 0.000000 1.000000
0.878940 -0.476932 0.000000 0.942482 0.476932 0.878940 0.000000 0.339466 -0.000000 0.000000 1.000000 0.000187 0.000000 0.000000 0.000000 1.000000
0.892994 -0.450070 0.000000 0.942482 0.450070 0.892994 0.000000 0.339466 0.000000 0.000000 1.000000 0.000187 0.000000 0.000000 0.000000 1.000000
0.898028 -0.439939 -0.000000 0.942482 0.439939 0.898028 0.000000 0.339466 0.000000 0.000000 1.000000 0.000187 0.000000 0.000000 0.000000 1.000000
0.892994 -0.450070 0.000000 0.942482 0.450070 0.892994 0.000000 0.339466 0.000000 0.000000 1.000000 0.000187 0.000000 0.000000 0.000000 1.000000
0.878940 -0.476932 0.000000 0.942482 0.476932 0.878940 -0.000000 0.339466 0.000000 0.000000 1.000000 0.000187 0.000000 0.000000 0.000000 1.000000
0.857167 -0.515038 0.000000 0.942482 0.515038 0.857167 0.000000 0.339466 0.000000 0.000000 1.000000 0.000187 0.000000 0.000000 0.000000 1.000000
0.829218 -0.558925 0.000000 0.942482 0.558925 0.829218 0.000000 0.339466 0.000000 0.000000 1.000000 0.000187 0.000000 0.000000 0.000000 1.000000
0.797389 -0.603466 0.000000 0.942482 0.603466 0.797389 -0.000000 0.339466 0.000000 0.000000 1.000000 0.000187 0.000000 0.000000 0.000000 1.000000
0.764921 -0.644124 0.000000 0.942482 0.644124 0.764921 0.000000 0.339466 0.000000 0.000000 1.000000 0.000187 0.000000 0.000000 0.000000 1.000000
0.735922 -0.677066 0.000000 0.942482 0.677066 0.735922 0.000000 0.339466 -0.000000 0.000000 1.000000 0.000187 0.000000 0.000000 0.000000 1.000000
0.715060 -0.699063 0.000000 0.942482 0.699063 0.715060 0.000000 0.339466 -0.000000 0.000000 1.000000 0.000187 0.000000 0.000000 0.000000 1.000000
0.707107 -0.707107 -0.000000 0.942482 0.707107 0.707107 -0.000000 0.339466 0.000000 -0.000000 1.000000 0.000187 0.000000 0.000000 0.000000 1.000000</float_array><technique_common><accessor source="#jnt_left_truster1-Matrix-animation-output-transform-array" count="19" stride="16"><param type="float4x4"/></accessor></technique_common></source><source id="jnt_left_truster1-Interpolations"><Name_array id="jnt_left_truster1-Interpolations-array" count="19">
 LINEAR LINEAR LINEAR LINEAR LINEAR LINEAR LINEAR LINEAR LINEAR LINEAR LINEAR
LINEAR LINEAR LINEAR LINEAR LINEAR LINEAR LINEAR LINEAR</Name_array><technique_common><accessor source="#jnt_left_truster1-Interpolations-array" count="19"><param type="name"/></accessor></technique_common></source><sampler id="jnt_left_truster1-Matrix-animation-transform"><input semantic="INPUT" source="#jnt_left_truster1-Matrix-animation-input"/><input semantic="OUTPUT" source="#jnt_left_truster1-Matrix-animation-output-transform"/><input semantic="INTERPOLATION" source="#jnt_left_truster1-Interpolations"/></sampler><channel source="#jnt_left_truster1-Matrix-animation-transform" target="jnt_left_truster1/matrix"/></animation></animation>
    <animation id="jnt_left_truster2-anim" name="jnt_left_truster2"><animation><source id="jnt_left_truster2-Matrix-animation-input"><float_array id="jnt_left_truster2-Matrix-animation-input-array" count="19">

0.000000 0.033333 0.066667 0.100000 0.133333 0.166667 0.200000 0.233333 0.266667 0.300000 0.333333 0.366667 0.400000 0.433333 0.466667 0.500000
0.533333 0.566667 0.600000</float_array><technique_common><accessor source="#jnt_left_truster2-Matrix-animation-input-array" count="19"><param name="TIME" type="float"/></accessor></technique_common></source><source id="jnt_left_truster2-Matrix-animation-output-transform"><float_array id="jnt_left_truster2-Matrix-animation-output-transform-array" count="304">

0.707107 -0.000000 -0.707107 0.942482 0.000000 1.000000 -0.000000 -0.000000 0.707107 -0.000000 0.707107 0.288533 0.000000 0.000000 0.000000 1.000000
0.715060 -0.000000 -0.699063 0.942482 -0.000000 1.000000 0.000000 -0.000000 0.699063 0.000000 0.715060 0.288533 0.000000 0.000000 0.000000 1.000000
0.735922 -0.000000 -0.677066 0.942482 0.000000 1.000000 0.000000 -0.000000 0.677066 -0.000000 0.735922 0.288533 0.000000 0.000000 0.000000 1.000000
0.764921 0.000000 -0.644124 0.942482 -0.000000 1.000000 -0.000000 -0.000000 0.644124 0.000000 0.764921 0.288533 0.000000 0.000000 0.000000 1.000000
0.797389 0.000000 -0.603466 0.942482 0.000000 1.000000 -0.000000 -0.000000 0.603466 0.000000 0.797389 0.288533 0.000000 0.000000 0.000000 1.000000
0.829218 0.000000 -0.558925 0.942482 -0.000000 1.000000 -0.000000 -0.000000 0.558925 0.000000 0.829218 0.288533 0.000000 0.000000 0.000000 1.000000
0.857167 -0.000000 -0.515038 0.942482 -0.000000 1.000000 -0.000000 -0.000000 0.515038 0.000000 0.857167 0.288533 0.000000 0.000000 0.000000 1.000000
0.878940 0.000000 -0.476932 0.942482 0.000000 1.000000 0.000000 -0.000000 0.476932 0.000000 0.878940 0.288533 0.000000 0.000000 0.000000 1.000000
0.892994 0.000000 -0.450070 0.942482 -0.000000 1.000000 0.000000 -0.000000 0.450070 -0.000000 0.892994 0.288533 0.000000 0.000000 0.000000 1.000000
0.898028 0.000000 -0.439939 0.942482 0.000000 1.000000 0.000000 -0.000000 0.439939 -0.000000 0.898028 0.288533 0.000000 0.000000 0.000000 1.000000
0.892994 0.000000 -0.450070 0.942482 -0.000000 1.000000 0.000000 -0.000000 0.450070 -0.000000 0.892994 0.288533 0.000000 0.000000 0.000000 1.000000
0.878940 0.000000 -0.476932 0.942482 -0.000000 1.000000 -0.000000 -0.000000 0.476932 0.000000 0.878940 0.288533 0.000000 0.000000 0.000000 1.000000
0.857167 0.000000 -0.515038 0.942482 0.000000 1.000000 0.000000 -0.000000 0.515038 0.000000 0.857167 0.288533 0.000000 0.000000 0.000000 1.000000
0.829218 0.000000 -0.558925 0.942482 0.000000 1.000000 0.000000 -0.000000 0.558925 0.000000 0.829218 0.288533 0.000000 0.000000 0.000000 1.000000
0.797389 0.000000 -0.603466 0.942482 -0.000000 1.000000 0.000000 -0.000000 0.603466 0.000000 0.797389 0.288533 0.000000 0.000000 0.000000 1.000000
0.764921 0.000000 -0.644124 0.942482 0.000000 1.000000 -0.000000 -0.000000 0.644124 0.000000 0.764921 0.288533 0.000000 0.000000 0.000000 1.000000
0.735922 -0.000000 -0.677066 0.942482 0.000000 1.000000 0.000000 -0.000000 0.677066 0.000000 0.735922 0.288533 0.000000 0.000000 0.000000 1.000000
0.715060 0.000000 -0.699063 0.942482 -0.000000 1.000000 -0.000000 -0.000000 0.699063 -0.000000 0.715060 0.288533 0.000000 0.000000 0.000000 1.000000
0.707107 -0.000000 -0.707107 0.942482 0.000000 1.000000 -0.000000 -0.000000 0.707107 -0.000000 0.707107 0.288533 0.000000 0.000000 0.000000 1.000000</float_array><technique_common><accessor source="#jnt_left_truster2-Matrix-animation-output-transform-array" count="19" stride="16"><param type="float4x4"/></accessor></technique_common></source><source id="jnt_left_truster2-Interpolations"><Name_array id="jnt_left_truster2-Interpolations-array" count="19">
 LINEAR LINEAR LINEAR LINEAR LINEAR LINEAR LINEAR LINEAR LINEAR LINEAR LINEAR
LINEAR LINEAR LINEAR LINEAR LINEAR LINEAR LINEAR LINEAR</Name_array><technique_common><accessor source="#jnt_left_truster2-Interpolations-array" count="19"><param type="name"/></accessor></technique_common></source><sampler id="jnt_left_truster2-Matrix-animation-transform"><input semantic="INPUT" source="#jnt_left_truster2-Matrix-animation-input"/><input semantic="OUTPUT" source="#jnt_left_truster2-Matrix-animation-output-transform"/><input semantic="INTERPOLATION" source="#jnt_left_truster2-Interpolations"/></sampler><channel source="#jnt_left_truster2-Matrix-animation-transform" target="jnt_left_truster2/matrix"/></animation></animation>
    <animation id="jnt_left_truster3-anim" name="jnt_left_truster3"><animation><source id="jnt_left_truster3-Matrix-animation-input"><float_array id="jnt_left_truster3-Matrix-animation-input-array" count="19">

0.000000 0.033333 0.066667 0.100000 0.133333 0.166667 0.200000 0.233333 0.266667 0.300000 0.333333 0.366667 0.400000 0.433333 0.466667 0.500000
0.533333 0.566667 0.600000</float_array><technique_common><accessor source="#jnt_left_truster3-Matrix-animation-input-array" count="19"><param name="TIME" type="float"/></accessor></technique_common></source><source id="jnt_left_truster3-Matrix-animation-output-transform"><float_array id="jnt_left_truster3-Matrix-animation-output-transform-array" count="304">

0.707107 -0.000000 0.707107 0.942482 0.000000 1.000000 0.000000 -0.000000 -0.707107 -0.000000 0.707107 -0.288158 0.000000 0.000000 0.000000 1.000000
0.715060 -0.000000 0.699063 0.942482 0.000000 1.000000 0.000000 -0.000000 -0.699063 0.000000 0.715060 -0.288158 0.000000 0.000000 0.000000 1.000000
0.735922 -0.000000 0.677066 0.942482 -0.000000 1.000000 0.000000 -0.000000 -0.677066 -0.000000 0.735922 -0.288158 0.000000 0.000000 0.000000 1.000000
0.764921 0.000000 0.644124 0.942482 0.000000 1.000000 0.000000 -0.000000 -0.644124 0.000000 0.764921 -0.288158 0.000000 0.000000 0.000000 1.000000
0.797389 0.000000 0.603466 0.942482 0.000000 1.000000 0.000000 -0.000000 -0.603466 0.000000 0.797389 -0.288158 0.000000 0.000000 0.000000 1.000000
0.829218 0.000000 0.558925 0.942482 0.000000 1.000000 -0.000000 -0.000000 -0.558925 0.000000 0.829218 -0.288158 0.000000 0.000000 0.000000 1.000000
0.857167 -0.000000 0.515038 0.942482 0.000000 1.000000 -0.000000 -0.000000 -0.515038 0.000000 0.857167 -0.288158 0.000000 0.000000 0.000000 1.000000
0.878940 0.000000 0.476932 0.942482 -0.000000 1.000000 0.000000 -0.000000 -0.476932 0.000000 0.878940 -0.288158 0.000000 0.000000 0.000000 1.000000
0.892994 0.000000 0.450070 0.942482 -0.000000 1.000000 0.000000 -0.000000 -0.450070 -0.000000 0.892994 -0.288158 0.000000 0.000000 0.000000 1.000000
0.898028 0.000000 0.439939 0.942482 0.000000 1.000000 -0.000000 -0.000000 -0.439939 -0.000000 0.898028 -0.288158 0.000000 0.000000 0.000000 1.000000
0.892994 0.000000 0.450070 0.942482 -0.000000 1.000000 0.000000 -0.000000 -0.450070 -0.000000 0.892994 -0.288158 0.000000 0.000000 0.000000 1.000000
0.878940 0.000000 0.476932 0.942482 0.000000 1.000000 0.000000 -0.000000 -0.476932 0.000000 0.878940 -0.288158 0.000000 0.000000 0.000000 1.000000
0.857167 -0.000000 0.515038 0.942482 -0.000000 1.000000 0.000000 -0.000000 -0.515038 0.000000 0.857167 -0.288158 0.000000 0.000000 0.000000 1.000000
0.829218 -0.000000 0.558925 0.942482 -0.000000 1.000000 0.000000 -0.000000 -0.558925 0.000000 0.829218 -0.288158 0.000000 0.000000 0.000000 1.000000
0.797389 0.000000 0.603466 0.942482 -0.000000 1.000000 0.000000 -0.000000 -0.603466 0.000000 0.797389 -0.288158 0.000000 0.000000 0.000000 1.000000
0.764921 0.000000 0.644124 0.942482 -0.000000 1.000000 -0.000000 -0.000000 -0.644124 0.000000 0.764921 -0.288158 0.000000 0.000000 0.000000 1.000000
0.735922 -0.000000 0.677066 0.942482 -0.000000 1.000000 0.000000 -0.000000 -0.677066 0.000000 0.735922 -0.288158 0.000000 0.000000 0.000000 1.000000
0.715060 0.000000 0.699063 0.942482 0.000000 1.000000 0.000000 -0.000000 -0.699063 -0.000000 0.715060 -0.288158 0.000000 0.000000 0.000000 1.000000
