<?xml version="1.0" encoding="utf-8"?>
<COLLADA xmlns="http://www.collada.org/2005/11/COLLADASchema" version="1.4.1">
  <asset><contributor><author></author><authoring_tool>FBX COLLADA exporter</authoring_tool><comments></comments></contributor><created>2019-02-07T17:54:33Z</created><keywords></keywords><modified>2019-02-07T17:54:33Z</modified><revision></revision><subject></subject><title></title><unit meter="0.010000" name="centimeter"></unit><up_axis>Y_UP</up_axis></asset>
  <library_animations>
    <animation id="root_jnt-anim" name="root_jnt"><animation><source id="root_jnt-Matrix-animation-input"><float_array id="root_jnt-Matrix-animation-input-array" count="19">

0.000000 0.033333 0.066667 0.100000 0.133333 0.166667 0.200000 0.233333 0.266667 0.300000 0.333333 0.366667 0.400000 0.433333 0.466667 0.500000
0.533333 0.566667 0.600000</float_array><technique_common><accessor source="#root_jnt-Matrix-animation-input-array" count="19"><param name="TIME" type="float"/></accessor></technique_common></source><source id="root_jnt-Matrix-animation-output-transform"><float_array id="root_jnt-Matrix-animation-output-transform-array" count="304">

1.000000 0.000000 0.000000 0.000000 0.000000 1.000000 0.000000 0.000000 0.000000 0.000000 1.000000 0.000000 0.000000 0.000000 0.000000 1.000000
1.000000 0.000000 0.000000 0.000000 0.000000 1.000000 0.000000 0.000000 0.000000 0.000000 1.000000 0.000000 0.000000 0.000000 0.000000 1.000000
1.000000 0.000000 0.000000 0.000000 0.000000 1.000000 0.000000 0.000000 0.000000 0.000000 1.000000 0.000000 0.000000 0.000000 0.000000 1.000000
1.000000 0.000000 0.000000 0.000000 0.000000 1.000000 0.000000 0.000000 0.000000 0.000000 1.000000 0.000000 0.000000 0.000000 0.000000 1.000000
1.000000 0.000000 0.000000 0.000000 0.000000 1.000000 0.000000 0.000000 0.000000 0.000000 1.000000 0.000000 0.000000 0.000000 0.000000 1.000000
1.000000 0.000000 0.000000 0.000000 0.000000 1.000000 0.000000 0.000000 0.000000 0.000000 1.000000 0.000000 0.000000 0.000000 0.000000 1.000000
1.000000 0.000000 0.000000 0.000000 0.000000 1.000000 0.000000 0.000000 0.000000 0.000000 1.000000 0.000000 0.000000 0.000000 0.000000 1.000000
1.000000 0.000000 0.000000 0.000000 0.000000 1.000000 0.000000 0.000000 0.000000 0.000000 1.000000 0.000000 0.000000 0.000000 0.000000 1.000000
1.000000 0.000000 0.000000 0.000000 0.000000 1.000000 0.000000 0.000000 0.000000 0.000000 1.000000 0.000000 0.000000 0.000000 0.000000 1.000000
1.000000 0.000000 0.000000 0.000000 0.000000 1.000000 0.000000 0.000000 0.000000 0.000000 1.000000 0.000000 0.000000 0.000000 0.000000 1.000000
1.000000 0.000000 0.000000 0.000000 0.000000 1.000000 0.000000 0.000000 0.000000 0.000000 1.000000 0.000000 0.000000 0.000000 0.000000 1.000000
1.000000 0.000000 0.000000 0.000000 0.000000 1.000000 0.000000 0.000000 0.000000 0.000000 1.000000 0.000000 0.000000 0.000000 0.000000 1.000000
1.000000 0.000000 0.000000 0.000000 0.000000 1.000000 0.000000 0.000000 0.000000 0.000000 1.000000 0.000000 0.000000 0.000000 0.000000 1.000000
1.000000 0.000000 0.000000 0.000000 0.000000 1.000000 0.000000 0.000000 0.000000 0.000000 1.000000 0.000000 0.000000 0.000000 0.000000 1.000000
1.000000 0.000000 0.000000 0.000000 0.000000 1.000000 0.000000 0.000000 0.000000 0.000000 1.000000 0.000000 0.000000 0.000000 0.000000 1.000000
1.000000 0.000000 0.000000 0.000000 0.000000 1.000000 0.000000 0.000000 0.000000 0.000000 1.000000 0.000000 0.000000 0.000000 0.000000 1.000000
1.000000 0.000000 0.000000 0.000000 0.000000 1.000000 0.000000 0.000000 0.000000 0.000000 1.000000 0.000000 0.000000 0.000000 0.000000 1.000000
1.000000 0.000000 0.000000 0.000000 0.000000 1.000000 0.000000 0.000000 0.000000 0.000000 1.000000 0.000000 0.000000 0.000000 0.000000 1.000000
1.000000 0.000000 0.000000 0.000000 0.000000 1.000000 0.000000 0.000000 0.000000 0.000000 1.000000 0.000000 0.000000 0.000000 0.000000 1.000000</float_array><technique_common><accessor source="#root_jnt-Matrix-animation-output-transform-array" count="19" stride="16"><param type="float4x4"/></accessor></technique_common></source><source id="root_jnt-Interpolations"><Name_array id="root_jnt-Interpolations-array" count="19">
 LINEAR LINEAR LINEAR LINEAR LINEAR LINEAR LINEAR LINEAR LINEAR LINEAR LINEAR
LINEAR LINEAR LINEAR LINEAR LINEAR LINEAR LINEAR LINEAR</Name_array><technique_common><accessor source="#root_jnt-Interpolations-array" count="19"><param type="name"/></accessor></technique_common></source><sampler id="root_jnt-Matrix-animation-transform"><input semantic="INPUT" source="#root_jnt-Matrix-animation-input"/><input semantic="OUTPUT" source="#root_jnt-Matrix-animation-output-transform"/><input semantic="INTERPOLATION" source="#root_jnt-Interpolations"/></sampler><channel source="#root_jnt-Matrix-animation-transform" target="root_jnt/matrix"/></animation></animation>
    <animation id="jnt_hips-anim" name="jnt_hips"><animation><source id="jnt_hips-Matrix-animation-input"><float_array id="jnt_hips-Matrix-animation-input-array" count="19">

0.000000 0.033333 0.066667 0.100000 0.133333 0.166667 0.200000 0.233333 0.266667 0.300000 0.333333 0.366667 0.400000 0.433333 0.466667 0.500000
0.533333 0.566667 0.600000</float_array><technique_common><accessor source="#jnt_hips-Matrix-animation-input-array" count="19"><param name="TIME" type="float"/></accessor></technique_common></source><source id="jnt_hips-Matrix-animation-output-transform"><float_array id="jnt_hips-Matrix-animation-output-transform-array" count="304">

0.981230 -0.188509 -0.040643 0.000000 0.189874 0.981259 0.032835 4.862378 0.033691 -0.039936 0.998634 -0.094053 0.000000 0.000000 0.000000 1.000000
0.981230 -0.188509 -0.040643 0.000000 0.189874 0.981259 0.032835 4.862378 0.033691 -0.039936 0.998634 -0.094053 0.000000 0.000000 0.000000 1.000000
0.981230 -0.188509 -0.040643 0.000000 0.189874 0.981259 0.032835 4.862378 0.033691 -0.039936 0.998634 -0.094053 0.000000 0.000000 0.000000 1.000000
0.981230 -0.188509 -0.040643 0.000000 0.189874 0.981259 0.032835 4.862378 0.033691 -0.039936 0.998634 -0.094053 0.000000 0.000000 0.000000 1.000000
0.981230 -0.188509 -0.040643 0.000000 0.189874 0.981259 0.032835 4.862378 0.033691 -0.039936 0.998634 -0.094053 0.000000 0.000000 0.000000 1.000000
0.981230 -0.188509 -0.040643 0.000000 0.189874 0.981259 0.032835 4.862378 0.033691 -0.039936 0.998634 -0.094053 0.000000 0.000000 0.000000 1.000000
0.981230 -0.188509 -0.040643 0.000000 0.189874 0.981259 0.032835 4.862378 0.033691 -0.039936 0.998634 -0.094053 0.000000 0.000000 0.000000 1.000000
0.981230 -0.188509 -0.040643 0.000000 0.189874 0.981259 0.032835 4.862378 0.033691 -0.039936 0.998634 -0.094053 0.000000 0.000000 0.000000 1.000000
0.981230 -0.188509 -0.040643 0.000000 0.189874 0.981259 0.032835 4.862378 0.033691 -0.039936 0.998634 -0.094053 0.000000 0.000000 0.000000 1.000000
0.981230 -0.188509 -0.040643 0.000000 0.189874 0.981259 0.032835 4.862378 0.033691 -0.039936 0.998634 -0.094053 0.000000 0.000000 0.000000 1.000000
0.981230 -0.188509 -0.040643 0.000000 0.189874 0.981259 0.032835 4.862378 0.033691 -0.039936 0.998634 -0.094053 0.000000 0.000000 0.000000 1.000000
0.981230 -0.188509 -0.040643 0.000000 0.189874 0.981259 0.032835 4.862378 0.033691 -0.039936 0.998634 -0.094053 0.000000 0.000000 0.000000 1.000000
0.981230 -0.188509 -0.040643 0.000000 0.189874 0.981259 0.032835 4.862378 0.033691 -0.039936 0.998634 -0.094053 0.000000 0.000000 0.000000 1.000000
0.981230 -0.188509 -0.040643 0.000000 0.189874 0.981259 0.032835 4.862378 0.033691 -0.039936 0.998634 -0.094053 0.000000 0.000000 0.000000 1.000000
0.981230 -0.188509 -0.040643 0.000000 0.189874 0.981259 0.032835 4.862378 0.033691 -0.039936 0.998634 -0.094053 0.000000 0.000000 0.000000 1.000000
0.981230 -0.188509 -0.040643 0.000000 0.189874 0.981259 0.032835 4.862378 0.033691 -0.039936 0.998634 -0.094053 0.000000 0.000000 0.000000 1.000000
0.981230 -0.188509 -0.040643 0.000000 0.189874 0.981259 0.032835 4.862378 0.033691 -0.039936 0.998634 -0.094053 0.000000 0.000000 0.000000 1.000000
0.981230 -0.188509 -0.040643 0.000000 0.189874 0.981259 0.032835 4.862378 0.033691 -0.039936 0.998634 -0.094053 0.000000 0.000000 0.000000 1.000000
0.981230 -0.188509 -0.040643 0.000000 0.189874 0.981259 0.032835 4.862378 0.033691 -0.039936 0.998634 -0.094053 0.000000 0.000000 0.000000 1.000000</float_array><technique_common><accessor source="#jnt_hips-Matrix-animation-output-transform-array" count="19" stride="16"><param type="float4x4"/></accessor></technique_common></source><source id="jnt_hips-Interpolations"><Name_array id="jnt_hips-Interpolations-array" count="19">
 LINEAR LINEAR LINEAR LINEAR LINEAR LINEAR LINEAR LINEAR LINEAR LINEAR LINEAR
LINEAR LINEAR LINEAR LINEAR LINEAR LINEAR LINEAR LINEAR</Name_array><technique_common><accessor source="#jnt_hips-Interpolations-array" count="19"><param type="name"/></accessor></technique_common></source><sampler id="jnt_hips-Matrix-animation-transform"><input semantic="INPUT" source="#jnt_hips-Matrix-animation-input"/><input semantic="OUTPUT" source="#jnt_hips-Matrix-animation-output-transform"/><input semantic="INTERPOLATION" source="#jnt_hips-Interpolations"/></sampler><channel source="#jnt_hips-Matrix-animation-transform" target="jnt_hips/matrix"/></animation></animation>
    <animation id="jnt_pelvis-anim" name="jnt_pelvis"><animation><source id="jnt_pelvis-Matrix-animation-input"><float_array id="jnt_pelvis-Matrix-animation-input-array" count="19">

0.000000 0.033333 0.066667 0.100000 0.133333 0.166667 0.200000 0.233333 0.266667 0.300000 0.333333 0.366667 0.400000 0.433333 0.466667 0.500000
0.533333 0.566667 0.600000</float_array><technique_common><accessor source="#jnt_pelvis-Matrix-animation-input-array" count="19"><param name="TIME" type="float"/></accessor></technique_common></source><source id="jnt_pelvis-Matrix-animation-output-transform"><float_array id="jnt_pelvis-Matrix-animation-output-transform-array" count="304">

0.943185 0.117979 -0.310618 -0.122326 0.070469 0.842546 0.533995 -0.720826 0.324710 -0.525545 0.786362 -0.345990 0.000000 0.000000 0.000000 1.000000
0.943185 0.117979 -0.310618 -0.122326 0.070469 0.842546 0.533995 -0.726864 0.324710 -0.525545 0.786362 -0.345990 0.000000 0.000000 0.000000 1.000000
0.943185 0.117979 -0.310618 -0.122326 0.070469 0.842546 0.533995 -0.741957 0.324710 -0.525545 0.786362 -0.345990 0.000000 0.000000 0.000000 1.000000
0.943185 0.117979 -0.310618 -0.122326 0.070469 0.842546 0.533995 -0.761577 0.324710 -0.525545 0.786362 -0.345990 0.000000 0.000000 0.000000 1.000000
0.943185 0.117979 -0.310618 -0.122326 0.070469 0.842546 0.533995 -0.781198 0.324710 -0.525545 0.786362 -0.345990 0.000000 0.000000 0.000000 1.000000
0.943185 0.117979 -0.310618 -0.122326 0.070469 0.842546 0.533995 -0.796291 0.324710 -0.525545 0.786362 -0.345990 0.000000 0.000000 0.000000 1.000000
0.943185 0.117979 -0.310618 -0.122326 0.070469 0.842546 0.533995 -0.802328 0.324710 -0.525545 0.786362 -0.345990 0.000000 0.000000 0.000000 1.000000
0.943185 0.117979 -0.310618 -0.122326 0.070469 0.842546 0.533995 -0.800725 0.324710 -0.525545 0.786362 -0.345990 0.000000 0.000000 0.000000 1.000000
0.943185 0.117979 -0.310618 -0.122326 0.070469 0.842546 0.533995 -0.796291 0.324710 -0.525545 0.786362 -0.345990 0.000000 0.000000 0.000000 1.000000
0.943185 0.117979 -0.310618 -0.122326 0.070469 0.842546 0.533995 -0.789594 0.324710 -0.525545 0.786362 -0.345990 0.000000 0.000000 0.000000 1.000000
0.943185 0.117979 -0.310618 -0.122326 0.070469 0.842546 0.533995 -0.781198 0.324710 -0.525545 0.786362 -0.345990 0.000000 0.000000 0.000000 1.000000
0.943185 0.117979 -0.310618 -0.122326 0.070469 0.842546 0.533995 -0.771671 0.324710 -0.525545 0.786362 -0.345990 0.000000 0.000000 0.000000 1.000000
0.943185 0.117979 -0.310618 -0.122326 0.070469 0.842546 0.533995 -0.761577 0.324710 -0.525545 0.786362 -0.345990 0.000000 0.000000 0.000000 1.000000
0.943185 0.117979 -0.310618 -0.122326 0.070469 0.842546 0.533995 -0.751484 0.324710 -0.525545 0.786362 -0.345990 0.000000 0.000000 0.000000 1.000000
0.943185 0.117979 -0.310618 -0.122326 0.070469 0.842546 0.533995 -0.741957 0.324710 -0.525545 0.786362 -0.345990 0.000000 0.000000 0.000000 1.000000
0.943185 0.117979 -0.310618 -0.122326 0.070469 0.842546 0.533995 -0.733561 0.324710 -0.525545 0.786362 -0.345990 0.000000 0.000000 0.000000 1.000000
0.943185 0.117979 -0.310618 -0.122326 0.070469 0.842546 0.533995 -0.726864 0.324710 -0.525545 0.786362 -0.345990 0.000000 0.000000 0.000000 1.000000
0.943185 0.117979 -0.310618 -0.122326 0.070469 0.842546 0.533995 -0.722430 0.324710 -0.525545 0.786362 -0.345990 0.000000 0.000000 0.000000 1.000000
0.943185 0.117979 -0.310618 -0.122326 0.070469 0.842546 0.533995 -0.720826 0.324710 -0.525545 0.786362 -0.345990 0.000000 0.000000 0.000000 1.000000</float_array><technique_common><accessor source="#jnt_pelvis-Matrix-animation-output-transform-array" count="19" stride="16"><param type="float4x4"/></accessor></technique_common></source><source id="jnt_pelvis-Interpolations"><Name_array id="jnt_pelvis-Interpolations-array" count="19">
 LINEAR LINEAR LINEAR LINEAR LINEAR LINEAR LINEAR LINEAR LINEAR LINEAR LINEAR
LINEAR LINEAR LINEAR LINEAR LINEAR LINEAR LINEAR LINEAR</Name_array><technique_common><accessor source="#jnt_pelvis-Interpolations-array" count="19"><param type="name"/></accessor></technique_common></source><sampler id="jnt_pelvis-Matrix-animation-transform"><input semantic="INPUT" source="#jnt_pelvis-Matrix-animation-input"/><input semantic="OUTPUT" source="#jnt_pelvis-Matrix-animation-output-transform"/><input semantic="INTERPOLATION" source="#jnt_pelvis-Interpolations"/></sampler><channel source="#jnt_pelvis-Matrix-animation-transform" target="jnt_pelvis/matrix"/></animation></animation>
    <animation id="jnt_left_leg1-anim" name="jnt_left_leg1"><animation><source id="jnt_left_leg1-Matrix-animation-input"><float_array id="jnt_left_leg1-Matrix-animation-input-array" count="19">

0.000000 0.033333 0.066667 0.100000 0.133333 0.166667 0.200000 0.233333 0.266667 0.300000 0.333333 0.366667 0.400000 0.433333 0.466667 0.500000
0.533333 0.566667 0.600000</float_array><technique_common><accessor source="#jnt_left_leg1-Matrix-animation-input-array" count="19"><param name="TIME" type="float"/></accessor></technique_common></source><source id="jnt_left_leg1-Matrix-animation-output-transform"><float_array id="jnt_left_leg1-Matrix-animation-output-transform-array" count="304">

0.989471 -0.070944 -0.126152 0.500157 -0.086474 0.409160 -0.908356 -0.457422 0.116059 0.909701 0.398717 0.000000 0.000000 0.000000 0.000000 1.000000
0.988160 -0.068823 -0.137123 0.500157 -0.096805 0.413702 -0.905251 -0.457422 0.119031 0.907807 0.402142 0.000000 0.000000 0.000000 0.000000 1.000000
0.984099 -0.062686 -0.166192 0.500157 -0.124272 0.425522 -0.896374 -0.457422 0.126909 0.902774 0.410966 0.000000 0.000000 0.000000 0.000000 1.000000
0.976857 -0.052720 -0.207293 0.500157 -0.163365 0.441675 -0.882176 -0.457422 0.138064 0.895625 0.422841 0.000000 0.000000 0.000000 0.000000 1.000000
0.966329 -0.039453 -0.254268 0.500157 -0.208457 0.459277 -0.863487 -0.457422 0.150846 0.887417 0.435588 -0.000000 0.000000 0.000000 0.000000 1.000000
0.953205 -0.024092 -0.301364 0.500157 -0.254165 0.475917 -0.841964 -0.457422 0.163708 0.879160 0.447523 0.000000 0.000000 0.000000 0.000000 1.000000
0.939041 -0.008456 -0.343702 0.500157 -0.295744 0.489925 -0.820066 -0.457422 0.175322 0.871723 0.457559 0.000000 0.000000 0.000000 0.000000 1.000000
0.926002 0.005315 -0.377480 0.500157 -0.329289 0.500387 -0.800738 -0.457422 0.184630 0.865785 0.465110 0.000000 0.000000 0.000000 0.000000 1.000000
0.916499 0.015052 -0.399754 0.500157 -0.351608 0.506908 -0.787030 -0.457422 0.190792 0.861869 0.469873 0.000000 0.000000 0.000000 0.000000 1.000000
0.912861 0.018722 -0.407841 0.500157 -0.359754 0.509196 -0.781854 -0.457422 0.193034 0.860447 0.471561 0.000000 0.000000 0.000000 0.000000 1.000000
0.916499 0.015052 -0.399754 0.500157 -0.351608 0.506908 -0.787030 -0.457422 0.190792 0.861869 0.469873 -0.000000 0.000000 0.000000 0.000000 1.000000
0.926002 0.005315 -0.377480 0.500157 -0.329289 0.500387 -0.800738 -0.457422 0.184630 0.865785 0.465110 0.000000 0.000000 0.000000 0.000000 1.000000
0.939041 -0.008456 -0.343702 0.500157 -0.295744 0.489925 -0.820066 -0.457422 0.175322 0.871723 0.457559 0.000000 0.000000 0.000000 0.000000 1.000000
0.953205 -0.024092 -0.301364 0.500157 -0.254165 0.475917 -0.841964 -0.457422 0.163708 0.879160 0.447523 0.000000 0.000000 0.000000 0.000000 1.000000
0.966329 -0.039453 -0.254268 0.500157 -0.208457 0.459277 -0.863487 -0.457422 0.150846 0.887417 0.435588 -0.000000 0.000000 0.000000 0.000000 1.000000
0.976857 -0.052720 -0.207293 0.500157 -0.163365 0.441675 -0.882176 -0.457422 0.138064 0.895625 0.422841 -0.000000 0.000000 0.000000 0.000000 1.000000
0.984099 -0.062686 -0.166192 0.500157 -0.124272 0.425522 -0.896374 -0.457422 0.126909 0.902774 0.410966 0.000000 0.000000 0.000000 0.000000 1.000000
0.988160 -0.068823 -0.137123 0.500157 -0.096805 0.413702 -0.905251 -0.457422 0.119031 0.907807 0.402142 0.000000 0.000000 0.000000 0.000000 1.000000
0.989471 -0.070944 -0.126152 0.500157 -0.086474 0.409160 -0.908356 -0.457422 0.116059 0.909701 0.398717 0.000000 0.000000 0.000000 0.000000 1.000000</float_array><technique_common><accessor source="#jnt_left_leg1-Matrix-animation-output-transform-array" count="19" stride="16"><param type="float4x4"/></accessor></technique_common></source><source id="jnt_left_leg1-Interpolations"><Name_array id="jnt_left_leg1-Interpolations-array" count="19">
 LINEAR LINEAR LINEAR LINEAR LINEAR LINEAR LINEAR LINEAR LINEAR LINEAR LINEAR
LINEAR LINEAR LINEAR LINEAR LINEAR LINEAR LINEAR LINEAR</Name_array><technique_common><accessor source="#jnt_left_leg1-Interpolations-array" count="19"><param type="name"/></accessor></technique_common></source><sampler id="jnt_left_leg1-Matrix-animation-transform"><input semantic="INPUT" source="#jnt_left_leg1-Matrix-animation-input"/><input semantic="OUTPUT" source="#jnt_left_leg1-Matrix-animation-output-transform"/><input semantic="INTERPOLATION" source="#jnt_left_leg1-Interpolations"/></sampler><channel source="#jnt_left_leg1-Matrix-animation-transform" target="jnt_left_leg1/matrix"/></animation></animation>
    <animation id="jnt_left_leg2-anim" name="jnt_left_leg2"><animation><source id="jnt_left_leg2-Matrix-animation-input"><float_array id="jnt_left_leg2-Matrix-animation-input-array" count="19">

0.000000 0.033333 0.066667 0.100000 0.133333 0.166667 0.200000 0.233333 0.266667 0.300000 0.333333 0.366667 0.400000 0.433333 0.466667 0.500000
0.533333 0.566667 0.600000</float_array><technique_common><accessor source="#jnt_left_leg2-Matrix-animation-input-array" count="19"><param name="TIME" type="float"/></accessor></technique_common></source><source id="jnt_left_leg2-Matrix-animation-output-transform"><float_array id="jnt_left_leg2-Matrix-animation-output-transform-array" count="304">

1.000000 0.000000 0.000000 0.572971 -0.000000 1.000000 0.000000 0.016592 0.000000 -0.000000 1.000000 -0.000000 0.000000 0.000000 0.000000 1.000000
1.000000 -0.000000 -0.000000 0.572971 -0.000000 1.000000 -0.000000 0.016592 0.000000 0.000000 1.000000 -0.000000 0.000000 0.000000 0.000000 1.000000
1.000000 -0.000000 0.000000 0.572971 0.000000 1.000000 0.000000 0.016592 -0.000000 -0.000000 1.000000 -0.000000 0.000000 0.000000 0.000000 1.000000
1.000000 0.000000 0.000000 0.572971 -0.000000 1.000000 0.000000 0.016592 0.000000 0.000000 1.000000 -0.000000 0.000000 0.000000 0.000000 1.000000
1.000000 -0.000000 -0.000000 0.572971 0.000000 1.000000 -0.000000 0.016592 0.000000 -0.000000 1.000000 -0.000000 0.000000 0.000000 0.000000 1.000000
1.000000 -0.000000 -0.000000 0.572971 0.000000 1.000000 0.000000 0.016592 -0.000000 -0.000000 1.000000 -0.000000 0.000000 0.000000 0.000000 1.000000
1.000000 0.000000 0.000000 0.572971 0.000000 1.000000 -0.000000 0.016592 0.000000 -0.000000 1.000000 -0.000000 0.000000 0.000000 0.000000 1.000000
1.000000 -0.000000 -0.000000 0.572971 0.000000 1.000000 0.000000 0.016592 -0.000000 -0.000000 1.000000 -0.000000 0.000000 0.000000 0.000000 1.000000
1.000000 0.000000 0.000000 0.572971 0.000000 1.000000 -0.000000 0.016592 0.000000 0.000000 1.000000 -0.000000 0.000000 0.000000 0.000000 1.000000
1.000000 0.000000 -0.000000 0.572971 0.000000 1.000000 0.000000 0.016592 0.000000 0.000000 1.000000 -0.000000 0.000000 0.000000 0.000000 1.000000
1.000000 0.000000 0.000000 0.572971 0.000000 1.000000 -0.000000 0.016592 0.000000 0.000000 1.000000 -0.000000 0.000000 0.000000 0.000000 1.000000
1.000000 -0.000000 0.000000 0.572971 0.000000 1.000000 -0.000000 0.016592 0.000000 -0.000000 1.000000 -0.000000 0.000000 0.000000 0.000000 1.000000
1.000000 0.000000 -0.000000 0.572971 0.000000 1.000000 -0.000000 0.016592 0.000000 -0.000000 1.000000 -0.000000 0.000000 0.000000 0.000000 1.000000
1.000000 -0.000000 -0.000000 0.572971 0.000000 1.000000 -0.000000 0.016592 -0.000000 0.000000 1.000000 -0.000000 0.000000 0.000000 0.000000 1.000000
1.000000 -0.000000 -0.000000 0.572971 -0.000000 1.000000 -0.000000 0.016592 -0.000000 -0.000000 1.000000 -0.000000 0.000000 0.000000 0.000000 1.000000
1.000000 0.000000 0.000000 0.572971 0.000000 1.000000 0.000000 0.016592 0.000000 -0.000000 1.000000 -0.000000 0.000000 0.000000 0.000000 1.000000
1.000000 -0.000000 0.000000 0.572971 0.000000 1.000000 0.000000 0.016592 -0.000000 -0.000000 1.000000 -0.000000 0.000000 0.000000 0.000000 1.000000
1.000000 -0.000000 0.000000 0.572971 -0.000000 1.000000 0.000000 0.016592 0.000000 -0.000000 1.000000 -0.000000 0.000000 0.000000 0.000000 1.000000
1.000000 0.000000 0.000000 0.572971 -0.000000 1.000000 0.000000 0.016592 0.000000 -0.000000 1.000000 -0.000000 0.000000 0.000000 0.000000 1.000000</float_array><technique_common><accessor source="#jnt_left_leg2-Matrix-animation-output-transform-array" count="19" stride="16"><param type="float4x4"/></accessor></technique_common></source><source id="jnt_left_leg2-Interpolations"><Name_array id="jnt_left_leg2-Interpolations-array" count="19">
 LINEAR LINEAR LINEAR LINEAR LINEAR LINEAR LINEAR LINEAR LINEAR LINEAR LINEAR
LINEAR LINEAR LINEAR LINEAR LINEAR LINEAR LINEAR LINEAR</Name_array><technique_common><accessor source="#jnt_left_leg2-Interpolations-array" count="19"><param type="name"/></accessor></technique_common></source><sampler id="jnt_left_leg2-Matrix-animation-transform"><input semantic="INPUT" source="#jnt_left_leg2-Matrix-animation-input"/><input semantic="OUTPUT" source="#jnt_left_leg2-Matrix-animation-output-transform"/><input semantic="INTERPOLATION" source="#jnt_left_leg2-Interpolations"/></sampler><channel source="#jnt_left_leg2-Matrix-animation-transform" target="jnt_left_leg2/matrix"/></animation></animation>
    <animation id="jnt_left_leg3-anim" name="jnt_left_leg3"><animation><source id="jnt_left_leg3-Matrix-animation-input"><float_array id="jnt_left_leg3-Matrix-animation-input-array" count="19">

0.000000 0.033333 0.066667 0.100000 0.133333 0.166667 0.200000 0.233333 0.266667 0.300000 0.333333 0.366667 0.400000 0.433333 0.466667 0.500000
0.533333 0.566667 0.600000</float_array><technique_common><accessor source="#jnt_left_leg3-Matrix-animation-input-array" count="19"><param name="TIME" type="float"/></accessor></technique_common></source><source id="jnt_left_leg3-Matrix-animation-output-transform"><float_array id="jnt_left_leg3-Matrix-animation-output-transform-array" count="304">

0.447505 0.686111 -0.573577 1.109408 -0.657988 0.686979 0.308400 -0.115050 0.605632 0.239396 0.758880 -0.000000 0.000000 0.000000 0.000000 1.000000
0.454922 0.687658 -0.565838 1.109408 -0.660432 0.686756 0.303636 -0.115050 0.597391 0.235567 0.766572 0.000000 0.000000 0.000000 0.000000 1.000000
0.474408 0.691406 -0.544880 1.109408 -0.666504 0.686463 0.290761 -0.115050 0.575074 0.225225 0.786488 -0.000000 0.000000 0.000000 0.000000 1.000000
0.501556 0.695818 -0.514080 1.109408 -0.674065 0.686792 0.271944 -0.115050 0.542289 0.210128 0.813492 0.000000 0.000000 0.000000 0.000000 1.000000
0.531998 0.699534 -0.477107 1.109408 -0.681183 0.688260 0.249574 -0.115050 0.502959 0.192224 0.842664 -0.000000 0.000000 0.000000 0.000000 1.000000
0.561872 0.701754 -0.437997 1.109408 -0.686596 0.690942 0.226239 -0.115050 0.461395 0.173610 0.870043 0.000000 0.000000 0.000000 0.000000 1.000000
0.588154 0.702369 -0.400940 1.109408 -0.689888 0.694434 0.204491 -0.115050 0.422055 0.156332 0.892990 0.000000 0.000000 0.000000 0.000000 1.000000
0.608711 0.701849 -0.369972 1.109408 -0.691365 0.697990 0.186616 -0.115050 0.389213 0.142191 0.910107 -0.000000 0.000000 0.000000 0.000000 1.000000
0.622056 0.700981 -0.348816 1.109408 -0.691742 0.700726 0.174572 -0.115050 0.366797 0.132697 0.920789 0.000000 0.000000 0.000000 0.000000 1.000000
0.626858 0.700557 -0.340982 1.109408 -0.691756 0.701800 0.170149 -0.115050 0.358500 0.129217 0.924544 0.000000 0.000000 0.000000 0.000000 1.000000
0.622056 0.700981 -0.348816 1.109408 -0.691742 0.700726 0.174572 -0.115050 0.366797 0.132697 0.920789 -0.000000 0.000000 0.000000 0.000000 1.000000
0.608711 0.701849 -0.369972 1.109408 -0.691365 0.697990 0.186616 -0.115050 0.389213 0.142191 0.910107 -0.000000 0.000000 0.000000 0.000000 1.000000
0.588154 0.702369 -0.400940 1.109408 -0.689888 0.694434 0.204491 -0.115050 0.422055 0.156332 0.892990 -0.000000 0.000000 0.000000 0.000000 1.000000
0.561872 0.701754 -0.437997 1.109408 -0.686596 0.690942 0.226239 -0.115050 0.461395 0.173610 0.870043 0.000000 0.000000 0.000000 0.000000 1.000000
0.531998 0.699534 -0.477107 1.109408 -0.681183 0.688260 0.249574 -0.115050 0.502959 0.192224 0.842664 0.000000 0.000000 0.000000 0.000000 1.000000
0.501556 0.695818 -0.514080 1.109408 -0.674065 0.686792 0.271944 -0.115050 0.542289 0.210128 0.813492 -0.000000 0.000000 0.000000 0.000000 1.000000
0.474408 0.691406 -0.544880 1.109408 -0.666504 0.686463 0.290761 -0.115050 0.575074 0.225225 0.786488 0.000000 0.000000 0.000000 0.000000 1.000000
0.454922 0.687658 -0.565838 1.109408 -0.660432 0.686756 0.303636 -0.115050 0.597391 0.235567 0.766572 -0.000000 0.000000 0.000000 0.000000 1.000000
0.447505 0.686111 -0.573577 1.109408 -0.657988 0.686979 0.308400 -0.115050 0.605632 0.239396 0.758880 -0.000000 0.000000 0.000000 0.000000 1.000000</float_array><technique_common><accessor source="#jnt_left_leg3-Matrix-animation-output-transform-array" count="19" stride="16"><param type="float4x4"/></accessor></technique_common></source><source id="jnt_left_leg3-Interpolations"><Name_array id="jnt_left_leg3-Interpolations-array" count="19">
 LINEAR LINEAR LINEAR LINEAR LINEAR LINEAR LINEAR LINEAR LINEAR LINEAR LINEAR
LINEAR LINEAR LINEAR LINEAR LINEAR LINEAR LINEAR LINEAR</Name_array><technique_common><accessor source="#jnt_left_leg3-Interpolations-array" count="19"><param type="name"/></accessor></technique_common></source><sampler id="jnt_left_leg3-Matrix-animation-transform"><input semantic="INPUT" source="#jnt_left_leg3-Matrix-animation-input"/><input semantic="OUTPUT" source="#jnt_left_leg3-Matrix-animation-output-transform"/><input semantic="INTERPOLATION" source="#jnt_left_leg3-Interpolations"/></sampler><channel source="#jnt_left_leg3-Matrix-animation-transform" target="jnt_left_leg3/matrix"/></animation></animation>
    <animation id="jnt_left_truster1-anim" name="jnt_left_truster1"><animation><source id="jnt_left_truster1-Matrix-animation-input"><float_array id="jnt_left_truster1-Matrix-animation-input-array" count="19">

0.000000 0.033333 0.066667 0.100000 0.133333 0.166667 0.200000 0.233333 0.266667 0.300000 0.333333 0.366667 0.400000 0.433333 0.466667 0.500000
0.533333 0.566667 0.600000</float_array><technique_common><accessor source="#jnt_left_truster1-Matrix-animation-input-array" count="19"><param name="TIME" type="float"/></accessor></technique_common></source><source id="jnt_left_truster1-Matrix-animation-output-transform"><float_array id="jnt_left_truster1-Matrix-animation-output-transform-array" count="304">

0.707107 -0.707107 -0.000000 0.942482 0.707107 0.707107 0.000000 0.339466 -0.000000 0.000000 1.000000 0.000187 0.000000 0.000000 0.000000 1.000000
0.715060 -0.699063 -0.000000 0.942482 0.699063 0.715060 0.000000 0.339466 0.000000 0.000000 1.000000 0.000187 0.000000 0.000000 0.000000 1.000000
0.735922 -0.677066 -0.000000 0.942482 0.677066 0.735922 0.000000 0.339466 0.000000 -0.000000 1.000000 0.000187 0.000000 0.000000 0.000000 1.000000
0.764921 -0.644124 -0.000000 0.942482 0.644124 0.764921 0.000000 0.339466 0.000000 0.000000 1.000000 0.000187 0.000000 0.000000 0.000000 1.000000
0.797389 -0.603466 -0.000000 0.942482 0.603466 0.797389 -0.000000 0.339466 0.000000 -0.000000 1.000000 0.000187 0.000000 0.000000 0.000000 1.000000
0.829218 -0.558925 0.000000 0.942482 0.558925 0.829218 0.000000 0.339466 -0.000000 -0.000000 1.000000 0.000187 0.000000 0.000000 0.000000 1.000000
0.857167 -0.515038 -0.000000 0.942482 0.515038 0.857167 0.000000 0.339466 0.000000 0.000000 1.000000 0.000187 0.000000 0.000000 0.000000 1.000000
0.878940 -0.476932 -0.000000 0.942482 0.476932 0.878940 0.000000 0.339466 -0.000000 -0.000000 1.000000 0.000187 0.000000 0.000000 0.000000 1.000000
0.892994 -0.450070 0.000000 0.942482 0.450070 0.892994 0.000000 0.339466 -0.000000 -0.000000 1.000000 0.000187 0.000000 0.000000 0.000000 1.000000
0.898028 -0.439939 0.000000 0.942482 0.439939 0.898028 -0.000000 0.339466 0.000000 -0.000000 1.000000 0.000187 0.000000 0.000000 0.000000 1.000000
0.892994 -0.450070 0.000000 0.942482 0.450070 0.892994 0.000000 0.339466 -0.000000 -0.000000 1.000000 0.000187 0.000000 0.000000 0.000000 1.000000
0.878940 -0.476932 -0.000000 0.942482 0.476932 0.878940 -0.000000 0.339466 0.000000 -0.000000 1.000000 0.000187 0.000000 0.000000 0.000000 1.000000
0.857167 -0.515038 0.000000 0.942482 0.515038 0.857167 0.000000 0.339466 0.000000 -0.000000 1.000000 0.000187 0.000000 0.000000 0.000000 1.000000
0.829218 -0.558925 0.000000 0.942482 0.558925 0.829218 -0.000000 0.339466 0.000000 0.000000 1.000000 0.000187 0.000000 0.000000 0.000000 1.000000
0.797389 -0.603466 -0.000000 0.942482 0.603466 0.797389 0.000000 0.339466 0.000000 0.000000 1.000000 0.000187 0.000000 0.000000 0.000000 1.000000
0.764921 -0.644124 -0.000000 0.942482 0.644124 0.764921 0.000000 0.339466 0.000000 0.000000 1.000000 0.000187 0.000000 0.000000 0.000000 1.000000
0.735922 -0.677066 -0.000000 0.942482 0.677066 0.735922 0.000000 0.339466 0.000000 -0.000000 1.000000 0.000187 0.000000 0.000000 0.000000 1.000000
0.715060 -0.699063 0.000000 0.942482 0.699063 0.715060 0.000000 0.339466 -0.000000 0.000000 1.000000 0.000187 0.000000 0.000000 0.000000 1.000000
0.707107 -0.707107 -0.000000 0.942482 0.707107 0.707107 0.000000 0.339466 -0.000000 0.000000 1.000000 0.000187 0.000000 0.000000 0.000000 1.000000</float_array><technique_common><accessor source="#jnt_left_truster1-Matrix-animation-output-transform-array" count="19" stride="16"><param type="float4x4"/></accessor></technique_common></source><source id="jnt_left_truster1-Interpolations"><Name_array id="jnt_left_truster1-Interpolations-array" count="19">
 LINEAR LINEAR LINEAR LINEAR LINEAR LINEAR LINEAR LINEAR LINEAR LINEAR LINEAR
LINEAR LINEAR LINEAR LINEAR LINEAR LINEAR LINEAR LINEAR</Name_array><technique_common><accessor source="#jnt_left_truster1-Interpolations-array" count="19"><param type="name"/></accessor></technique_common></source><sampler id="jnt_left_truster1-Matrix-animation-transform"><input semantic="INPUT" source="#jnt_left_truster1-Matrix-animation-input"/><input semantic="OUTPUT" source="#jnt_left_truster1-Matrix-animation-output-transform"/><input semantic="INTERPOLATION" source="#jnt_left_truster1-Interpolations"/></sampler><channel source="#jnt_left_truster1-Matrix-animation-transform" target="jnt_left_truster1/matrix"/></animation></animation>
    <animation id="jnt_left_truster2-anim" name="jnt_left_truster2"><animation><source id="jnt_left_truster2-Matrix-animation-input"><float_array id="jnt_left_truster2-Matrix-animation-input-array" count="19">

0.000000 0.033333 0.066667 0.100000 0.133333 0.166667 0.200000 0.233333 0.266667 0.300000 0.333333 0.366667 0.400000 0.433333 0.466667 0.500000
0.533333 0.566667 0.600000</float_array><technique_common><accessor source="#jnt_left_truster2-Matrix-animation-input-array" count="19"><param name="TIME" type="float"/></accessor></technique_common></source><source id="jnt_left_truster2-Matrix-animation-output-transform"><float_array id="jnt_left_truster2-Matrix-animation-output-transform-array" count="304">

0.707107 0.000000 -0.707107 0.942482 -0.000000 1.000000 0.000000 -0.000000 0.707107 0.000000 0.707107 0.288533 0.000000 0.000000 0.000000 1.000000
0.715060 0.000000 -0.699063 0.942482 -0.000000 1.000000 -0.000000 -0.000000 0.699063 0.000000 0.715060 0.288533 0.000000 0.000000 0.000000 1.000000
0.735922 -0.000000 -0.677066 0.942482 0.000000 1.000000 -0.000000 -0.000000 0.677066 0.000000 0.735922 0.288533 0.000000 0.000000 0.000000 1.000000
0.764921 -0.000000 -0.644124 0.942482 -0.000000 1.000000 0.000000 -0.000000 0.644124 0.000000 0.764921 0.288533 0.000000 0.000000 0.000000 1.000000
0.797389 0.000000 -0.603466 0.942482 0.000000 1.000000 -0.000000 -0.000000 0.603466 -0.000000 0.797389 0.288533 0.000000 0.000000 0.000000 1.000000
0.829218 -0.000000 -0.558925 0.942482 0.000000 1.000000 0.000000 -0.000000 0.558925 0.000000 0.829218 0.288533 0.000000 0.000000 0.000000 1.000000
0.857167 0.000000 -0.515038 0.942482 0.000000 1.000000 0.000000 -0.000000 0.515038 0.000000 0.857167 0.288533 0.000000 0.000000 0.000000 1.000000
0.878940 0.000000 -0.476932 0.942482 0.000000 1.000000 0.000000 -0.000000 0.476932 -0.000000 0.878940 0.288533 0.000000 0.000000 0.000000 1.000000
0.892994 0.000000 -0.450070 0.942482 0.000000 1.000000 0.000000 -0.000000 0.450070 0.000000 0.892994 0.288533 0.000000 0.000000 0.000000 1.000000
0.898028 0.000000 -0.439939 0.942482 -0.000000 1.000000 -0.000000 -0.000000 0.439939 0.000000 0.898028 0.288533 0.000000 0.000000 0.000000 1.000000
0.892994 0.000000 -0.450070 0.942482 0.000000 1.000000 0.000000 -0.000000 0.450070 0.000000 0.892994 0.288533 0.000000 0.000000 0.000000 1.000000
0.878940 0.000000 -0.476932 0.942482 -0.000000 1.000000 0.000000 -0.000000 0.476932 0.000000 0.878940 0.288533 0.000000 0.000000 0.000000 1.000000
0.857167 -0.000000 -0.515038 0.942482 0.000000 1.000000 0.000000 -0.000000 0.515038 -0.000000 0.857167 0.288533 0.000000 0.000000 0.000000 1.000000
0.829218 -0.000000 -0.558925 0.942482 -0.000000 1.000000 -0.000000 -0.000000 0.558925 0.000000 0.829218 0.288533 0.000000 0.000000 0.000000 1.000000
0.797389 0.000000 -0.603466 0.942482 0.000000 1.000000 0.000000 -0.000000 0.603466 0.000000 0.797389 0.288533 0.000000 0.000000 0.000000 1.000000
0.764921 -0.000000 -0.644124 0.942482 0.000000 1.000000 -0.000000 -0.000000 0.644124 0.000000 0.764921 0.288533 0.000000 0.000000 0.000000 1.000000
0.735922 -0.000000 -0.677066 0.942482 0.000000 1.000000 -0.000000 -0.000000 0.677066 0.000000 0.735922 0.288533 0.000000 0.000000 0.000000 1.000000
0.715060 -0.000000 -0.699063 0.942482 -0.000000 1.000000 -0.000000 -0.000000 0.699063 -0.000000 0.715060 0.288533 0.000000 0.000000 0.000000 1.000000
0.707107 0.000000 -0.707107 0.942482 -0.000000 1.000000 0.000000 -0.000000 0.707107 0.000000 0.707107 0.288533 0.000000 0.000000 0.000000 1.000000</float_array><technique_common><accessor source="#jnt_left_truster2-Matrix-animation-output-transform-array" count="19" stride="16"><param type="float4x4"/></accessor></technique_common></source><source id="jnt_left_truster2-Interpolations"><Name_array id="jnt_left_truster2-Interpolations-array" count="19">
 LINEAR LINEAR LINEAR LINEAR LINEAR LINEAR LINEAR LINEAR LINEAR LINEAR LINEAR
LINEAR LINEAR LINEAR LINEAR LINEAR LINEAR LINEAR LINEAR</Name_array><technique_common><accessor source="#jnt_left_truster2-Interpolations-array" count="19"><param type="name"/></accessor></technique_common></source><sampler id="jnt_left_truster2-Matrix-animation-transform"><input semantic="INPUT" source="#jnt_left_truster2-Matrix-animation-input"/><input semantic="OUTPUT" source="#jnt_left_truster2-Matrix-animation-output-transform"/><input semantic="INTERPOLATION" source="#jnt_left_truster2-Interpolations"/></sampler><channel source="#jnt_left_truster2-Matrix-animation-transform" target="jnt_left_truster2/matrix"/></animation></animation>
    <animation id="jnt_left_truster3-anim" name="jnt_left_truster3"><animation><source id="jnt_left_truster3-Matrix-animation-input"><float_array id="jnt_left_truster3-Matrix-animation-input-array" count="19">

0.000000 0.033333 0.066667 0.100000 0.133333 0.166667 0.200000 0.233333 0.266667 0.300000 0.333333 0.366667 0.400000 0.433333 0.466667 0.500000
0.533333 0.566667 0.600000</float_array><technique_common><accessor source="#jnt_left_truster3-Matrix-animation-input-array" count="19"><param name="TIME" type="float"/></accessor></technique_common></source><source id="jnt_left_truster3-Matrix-animation-output-transform"><float_array id="jnt_left_truster3-Matrix-animation-output-transform-array" count="304">

0.707107 0.000000 0.707107 0.942482 -0.000000 1.000000 -0.000000 -0.000000 -0.707107 0.000000 0.707107 -0.288158 0.000000 0.000000 0.000000 1.000000
0.715060 0.000000 0.699063 0.942482 -0.000000 1.000000 -0.000000 -0.000000 -0.699063 0.000000 0.715060 -0.288158 0.000000 0.000000 0.000000 1.000000
0.735922 -0.000000 0.677066 0.942482 -0.000000 1.000000 0.000000 -0.000000 -0.677066 0.000000 0.735922 -0.288158 0.000000 0.000000 0.000000 1.000000
0.764921 -0.000000 0.644124 0.942482 -0.000000 1.000000 0.000000 -0.000000 -0.644124 0.000000 0.764921 -0.288158 0.000000 0.000000 0.000000 1.000000
0.797389 0.000000 0.603466 0.942482 0.000000 1.000000 0.000000 -0.000000 -0.603466 -0.000000 0.797389 -0.288158 0.000000 0.000000 0.000000 1.000000
0.829218 -0.000000 0.558925 0.942482 0.000000 1.000000 0.000000 -0.000000 -0.558925 0.000000 0.829218 -0.288158 0.000000 0.000000 0.000000 1.000000
0.857167 0.000000 0.515038 0.942482 -0.000000 1.000000 0.000000 -0.000000 -0.515038 0.000000 0.857167 -0.288158 0.000000 0.000000 0.000000 1.000000
0.878940 0.000000 0.476932 0.942482 -0.000000 1.000000 0.000000 -0.000000 -0.476932 -0.000000 0.878940 -0.288158 0.000000 0.000000 0.000000 1.000000
0.892994 0.000000 0.450070 0.942482 0.000000 1.000000 0.000000 -0.000000 -0.450070 0.000000 0.892994 -0.288158 0.000000 0.000000 0.000000 1.000000
0.898028 0.000000 0.439939 0.942482 0.000000 1.000000 -0.000000 -0.000000 -0.439939 0.000000 0.898028 -0.288158 0.000000 0.000000 0.000000 1.000000
0.892994 0.000000 0.450070 0.942482 0.000000 1.000000 0.000000 -0.000000 -0.450070 0.000000 0.892994 -0.288158 0.000000 0.000000 0.000000 1.000000
0.878940 -0.000000 0.476932 0.942482 -0.000000 1.000000 0.000000 -0.000000 -0.476932 -0.000000 0.878940 -0.288158 0.000000 0.000000 0.000000 1.000000
0.857167 -0.000000 0.515038 0.942482 0.000000 1.000000 0.000000 -0.000000 -0.515038 0.000000 0.857167 -0.288158 0.000000 0.000000 0.000000 1.000000
0.829218 -0.000000 0.558925 0.942482 0.000000 1.000000 -0.000000 -0.000000 -0.558925 0.000000 0.829218 -0.288158 0.000000 0.000000 0.000000 1.000000
0.797389 0.000000 0.603466 0.942482 0.000000 1.000000 0.000000 -0.000000 -0.603466 0.000000 0.797389 -0.288158 0.000000 0.000000 0.000000 1.000000
0.764921 -0.000000 0.644124 0.942482 -0.000000 1.000000 0.000000 -0.000000 -0.644124 0.000000 0.764921 -0.288158 0.000000 0.000000 0.000000 1.000000
0.735922 -0.000000 0.677066 0.942482 -0.000000 1.000000 0.000000 -0.000000 -0.677066 0.000000 0.735922 -0.288158 0.000000 0.000000 0.000000 1.000000
0.715060 0.000000 0.699063 0.942482 0.000000 1.000000 0.000000 -0.000000 -0.699063 0.000000 0.715060 -0.288158 0.000000 0.000000 0.000000 1.000000
