<?xml version="1.0" encoding="utf-8"?>
<COLLADA xmlns="http://www.collada.org/2005/11/COLLADASchema" version="1.4.1">
  <asset><contributor><author></author><authoring_tool>FBX COLLADA exporter</authoring_tool><comments></comments></contributor><created>2019-02-07T17:54:26Z</created><keywords></keywords><modified>2019-02-07T17:54:26Z</modified><revision></revision><subject></subject><title></title><unit meter="0.010000" name="centimeter"></unit><up_axis>Y_UP</up_axis></asset>
  <library_animations>
    <animation id="root_jnt-anim" name="root_jnt"><animation><source id="root_jnt-Matrix-animation-input"><float_array id="root_jnt-Matrix-animation-input-array" count="19">

0.000000 0.033333 0.066667 0.100000 0.133333 0.166667 0.200000 0.233333 0.266667 0.300000 0.333333 0.366667 0.400000 0.433333 0.466667 0.500000
0.533333 0.566667 0.600000</float_array><technique_common><accessor source="#root_jnt-Matrix-animation-input-array" count="19"><param name="TIME" type="float"/></accessor></technique_common></source><source id="root_jnt-Matrix-animation-output-transform"><float_array id="root_jnt-Matrix-animation-output-transform-array" count="304">

1.000000 0.000000 0.000000 0.000000 0.000000 1.000000 0.000000 0.000000 0.000000 0.000000 1.000000 0.000000 0.000000 0.000000 0.000000 1.000000
1.000000 0.000000 0.000000 0.000000 0.000000 1.000000 0.000000 0.000000 0.000000 0.000000 1.000000 0.000000 0.000000 0.000000 0.000000 1.000000
1.000000 0.000000 0.000000 0.000000 0.000000 1.000000 0.000000 0.000000 0.000000 0.000000 1.000000 0.000000 0.000000 0.000000 0.000000 1.000000
1.000000 0.000000 0.000000 0.000000 0.000000 1.000000 0.000000 0.000000 0.000000 0.000000 1.000000 0.000000 0.000000 0.000000 0.000000 1.000000
1.000000 0.000000 0.000000 0.000000 0.000000 1.000000 0.000000 0.000000 0.000000 0.000000 1.000000 0.000000 0.000000 0.000000 0.000000 1.000000
1.000000 0.000000 0.000000 0.000000 0.000000 1.000000 0.000000 0.000000 0.000000 0.000000 1.000000 0.000000 0.000000 0.000000 0.000000 1.000000
1.000000 0.000000 0.000000 0.000000 0.000000 1.000000 0.000000 0.000000 0.000000 0.000000 1.000000 0.000000 0.000000 0.000000 0.000000 1.000000
1.000000 0.000000 0.000000 0.000000 0.000000 1.000000 0.000000 0.000000 0.000000 0.000000 1.000000 0.000000 0.000000 0.000000 0.000000 1.000000
1.000000 0.000000 0.000000 0.000000 0.000000 1.000000 0.000000 0.000000 0.000000 0.000000 1.000000 0.000000 0.000000 0.000000 0.000000 1.000000
1.000000 0.000000 0.000000 0.000000 0.000000 1.000000 0.000000 0.000000 0.000000 0.000000 1.000000 0.000000 0.000000 0.000000 0.000000 1.000000
1.000000 0.000000 0.000000 0.000000 0.000000 1.000000 0.000000 0.000000 0.000000 0.000000 1.000000 0.000000 0.000000 0.000000 0.000000 1.000000
1.000000 0.000000 0.000000 0.000000 0.000000 1.000000 0.000000 0.000000 0.000000 0.000000 1.000000 0.000000 0.000000 0.000000 0.000000 1.000000
1.000000 0.000000 0.000000 0.000000 0.000000 1.000000 0.000000 0.000000 0.000000 0.000000 1.000000 0.000000 0.000000 0.000000 0.000000 1.000000
1.000000 0.000000 0.000000 0.000000 0.000000 1.000000 0.000000 0.000000 0.000000 0.000000 1.000000 0.000000 0.000000 0.000000 0.000000 1.000000
1.000000 0.000000 0.000000 0.000000 0.000000 1.000000 0.000000 0.000000 0.000000 0.000000 1.000000 0.000000 0.000000 0.000000 0.000000 1.000000
1.000000 0.000000 0.000000 0.000000 0.000000 1.000000 0.000000 0.000000 0.000000 0.000000 1.000000 0.000000 0.000000 0.000000 0.000000 1.000000
1.000000 0.000000 0.000000 0.000000 0.000000 1.000000 0.000000 0.000000 0.000000 0.000000 1.000000 0.000000 0.000000 0.000000 0.000000 1.000000
1.000000 0.000000 0.000000 0.000000 0.000000 1.000000 0.000000 0.000000 0.000000 0.000000 1.000000 0.000000 0.000000 0.000000 0.000000 1.000000
1.000000 0.000000 0.000000 0.000000 0.000000 1.000000 0.000000 0.000000 0.000000 0.000000 1.000000 0.000000 0.000000 0.000000 0.000000 1.000000</float_array><technique_common><accessor source="#root_jnt-Matrix-animation-output-transform-array" count="19" stride="16"><param type="float4x4"/></accessor></technique_common></source><source id="root_jnt-Interpolations"><Name_array id="root_jnt-Interpolations-array" count="19">
 LINEAR LINEAR LINEAR LINEAR LINEAR LINEAR LINEAR LINEAR LINEAR LINEAR LINEAR
LINEAR LINEAR LINEAR LINEAR LINEAR LINEAR LINEAR LINEAR</Name_array><technique_common><accessor source="#root_jnt-Interpolations-array" count="19"><param type="name"/></accessor></technique_common></source><sampler id="root_jnt-Matrix-animation-transform"><input semantic="INPUT" source="#root_jnt-Matrix-animation-input"/><input semantic="OUTPUT" source="#root_jnt-Matrix-animation-output-transform"/><input semantic="INTERPOLATION" source="#root_jnt-Interpolations"/></sampler><channel source="#root_jnt-Matrix-animation-transform" target="root_jnt/matrix"/></animation></animation>
    <animation id="jnt_hips-anim" name="jnt_hips"><animation><source id="jnt_hips-Matrix-animation-input"><float_array id="jnt_hips-Matrix-animation-input-array" count="19">

0.000000 0.033333 0.066667 0.100000 0.133333 0.166667 0.200000 0.233333 0.266667 0.300000 0.333333 0.366667 0.400000 0.433333 0.466667 0.500000
0.533333 0.566667 0.600000</float_array><technique_common><accessor source="#jnt_hips-Matrix-animation-input-array" count="19"><param name="TIME" type="float"/></accessor></technique_common></source><source id="jnt_hips-Matrix-animation-output-transform"><float_array id="jnt_hips-Matrix-animation-output-transform-array" count="304">

0.995955 0.089812 0.002822 0.000000 -0.089856 0.995463 0.031277 4.862378 -0.000000 -0.031404 0.999507 -0.094053 0.000000 0.000000 0.000000 1.000000
0.995955 0.089812 0.002822 0.000000 -0.089856 0.995463 0.031277 4.862378 -0.000000 -0.031404 0.999507 -0.094053 0.000000 0.000000 0.000000 1.000000
0.995955 0.089812 0.002822 0.000000 -0.089856 0.995463 0.031277 4.862378 -0.000000 -0.031404 0.999507 -0.094053 0.000000 0.000000 0.000000 1.000000
0.995955 0.089812 0.002822 0.000000 -0.089856 0.995463 0.031277 4.862378 -0.000000 -0.031404 0.999507 -0.094053 0.000000 0.000000 0.000000 1.000000
0.995955 0.089812 0.002822 0.000000 -0.089856 0.995463 0.031277 4.862378 -0.000000 -0.031404 0.999507 -0.094053 0.000000 0.000000 0.000000 1.000000
0.995955 0.089812 0.002822 0.000000 -0.089856 0.995463 0.031277 4.862378 -0.000000 -0.031404 0.999507 -0.094053 0.000000 0.000000 0.000000 1.000000
0.995955 0.089812 0.002822 0.000000 -0.089856 0.995463 0.031277 4.862378 -0.000000 -0.031404 0.999507 -0.094053 0.000000 0.000000 0.000000 1.000000
0.995955 0.089812 0.002822 0.000000 -0.089856 0.995463 0.031277 4.862378 -0.000000 -0.031404 0.999507 -0.094053 0.000000 0.000000 0.000000 1.000000
0.995955 0.089812 0.002822 0.000000 -0.089856 0.995463 0.031277 4.862378 -0.000000 -0.031404 0.999507 -0.094053 0.000000 0.000000 0.000000 1.000000
0.995955 0.089812 0.002822 0.000000 -0.089856 0.995463 0.031277 4.862378 -0.000000 -0.031404 0.999507 -0.094053 0.000000 0.000000 0.000000 1.000000
0.995955 0.089812 0.002822 0.000000 -0.089856 0.995463 0.031277 4.862378 -0.000000 -0.031404 0.999507 -0.094053 0.000000 0.000000 0.000000 1.000000
0.995955 0.089812 0.002822 0.000000 -0.089856 0.995463 0.031277 4.862378 -0.000000 -0.031404 0.999507 -0.094053 0.000000 0.000000 0.000000 1.000000
0.995955 0.089812 0.002822 0.000000 -0.089856 0.995463 0.031277 4.862378 -0.000000 -0.031404 0.999507 -0.094053 0.000000 0.000000 0.000000 1.000000
0.995955 0.089812 0.002822 0.000000 -0.089856 0.995463 0.031277 4.862378 -0.000000 -0.031404 0.999507 -0.094053 0.000000 0.000000 0.000000 1.000000
0.995955 0.089812 0.002822 0.000000 -0.089856 0.995463 0.031277 4.862378 -0.000000 -0.031404 0.999507 -0.094053 0.000000 0.000000 0.000000 1.000000
0.995955 0.089812 0.002822 0.000000 -0.089856 0.995463 0.031277 4.862378 -0.000000 -0.031404 0.999507 -0.094053 0.000000 0.000000 0.000000 1.000000
0.995955 0.089812 0.002822 0.000000 -0.089856 0.995463 0.031277 4.862378 -0.000000 -0.031404 0.999507 -0.094053 0.000000 0.000000 0.000000 1.000000
0.995955 0.089812 0.002822 0.000000 -0.089856 0.995463 0.031277 4.862378 -0.000000 -0.031404 0.999507 -0.094053 0.000000 0.000000 0.000000 1.000000
0.995955 0.089812 0.002822 0.000000 -0.089856 0.995463 0.031277 4.862378 -0.000000 -0.031404 0.999507 -0.094053 0.000000 0.000000 0.000000 1.000000</float_array><technique_common><accessor source="#jnt_hips-Matrix-animation-output-transform-array" count="19" stride="16"><param type="float4x4"/></accessor></technique_common></source><source id="jnt_hips-Interpolations"><Name_array id="jnt_hips-Interpolations-array" count="19">
 LINEAR LINEAR LINEAR LINEAR LINEAR LINEAR LINEAR LINEAR LINEAR LINEAR LINEAR
LINEAR LINEAR LINEAR LINEAR LINEAR LINEAR LINEAR LINEAR</Name_array><technique_common><accessor source="#jnt_hips-Interpolations-array" count="19"><param type="name"/></accessor></technique_common></source><sampler id="jnt_hips-Matrix-animation-transform"><input semantic="INPUT" source="#jnt_hips-Matrix-animation-input"/><input semantic="OUTPUT" source="#jnt_hips-Matrix-animation-output-transform"/><input semantic="INTERPOLATION" source="#jnt_hips-Interpolations"/></sampler><channel source="#jnt_hips-Matrix-animation-transform" target="jnt_hips/matrix"/></animation></animation>
    <animation id="jnt_pelvis-anim" name="jnt_pelvis"><animation><source id="jnt_pelvis-Matrix-animation-input"><float_array id="jnt_pelvis-Matrix-animation-input-array" count="19">

0.000000 0.033333 0.066667 0.100000 0.133333 0.166667 0.200000 0.233333 0.266667 0.300000 0.333333 0.366667 0.400000 0.433333 0.466667 0.500000
0.533333 0.566667 0.600000</float_array><technique_common><accessor source="#jnt_pelvis-Matrix-animation-input-array" count="19"><param name="TIME" type="float"/></accessor></technique_common></source><source id="jnt_pelvis-Matrix-animation-output-transform"><float_array id="jnt_pelvis-Matrix-animation-output-transform-array" count="304">

0.910998 0.201955 0.359578 -0.122326 -0.353795 0.830743 0.429762 -0.720826 -0.211924 -0.518729 0.828256 -0.345990 0.000000 0.000000 0.000000 1.000000
0.910998 0.201955 0.359578 -0.122326 -0.353795 0.830743 0.429762 -0.726864 -0.211924 -0.518729 0.828256 -0.345990 0.000000 0.000000 0.000000 1.000000
0.910998 0.201955 0.359578 -0.122326 -0.353795 0.830743 0.429762 -0.741957 -0.211924 -0.518729 0.828256 -0.345990 0.000000 0.000000 0.000000 1.000000
0.910998 0.201955 0.359578 -0.122326 -0.353795 0.830743 0.429762 -0.761577 -0.211924 -0.518729 0.828256 -0.345990 0.000000 0.000000 0.000000 1.000000
0.910998 0.201955 0.359578 -0.122326 -0.353795 0.830743 0.429762 -0.781198 -0.211924 -0.518729 0.828256 -0.345990 0.000000 0.000000 0.000000 1.000000
0.910998 0.201955 0.359578 -0.122326 -0.353795 0.830743 0.429762 -0.796291 -0.211924 -0.518729 0.828256 -0.345990 0.000000 0.000000 0.000000 1.000000
0.910998 0.201955 0.359578 -0.122326 -0.353795 0.830743 0.429762 -0.802328 -0.211924 -0.518729 0.828256 -0.345990 0.000000 0.000000 0.000000 1.000000
0.910998 0.201955 0.359578 -0.122326 -0.353795 0.830743 0.429762 -0.800725 -0.211924 -0.518729 0.828256 -0.345990 0.000000 0.000000 0.000000 1.000000
0.910998 0.201955 0.359578 -0.122326 -0.353795 0.830743 0.429762 -0.796291 -0.211924 -0.518729 0.828256 -0.345990 0.000000 0.000000 0.000000 1.000000
0.910998 0.201955 0.359578 -0.122326 -0.353795 0.830743 0.429762 -0.789594 -0.211924 -0.518729 0.828256 -0.345990 0.000000 0.000000 0.000000 1.000000
0.910998 0.201955 0.359578 -0.122326 -0.353795 0.830743 0.429762 -0.781198 -0.211924 -0.518729 0.828256 -0.345990 0.000000 0.000000 0.000000 1.000000
0.910998 0.201955 0.359578 -0.122326 -0.353795 0.830743 0.429762 -0.771671 -0.211924 -0.518729 0.828256 -0.345990 0.000000 0.000000 0.000000 1.000000
0.910998 0.201955 0.359578 -0.122326 -0.353795 0.830743 0.429762 -0.761577 -0.211924 -0.518729 0.828256 -0.345990 0.000000 0.000000 0.000000 1.000000
0.910998 0.201955 0.359578 -0.122326 -0.353795 0.830743 0.429762 -0.751484 -0.211924 -0.518729 0.828256 -0.345990 0.000000 0.000000 0.000000 1.000000
0.910998 0.201955 0.359578 -0.122326 -0.353795 0.830743 0.429762 -0.741957 -0.211924 -0.518729 0.828256 -0.345990 0.000000 0.000000 0.000000 1.000000
0.910998 0.201955 0.359578 -0.122326 -0.353795 0.830743 0.429762 -0.733561 -0.211924 -0.518729 0.828256 -0.345990 0.000000 0.000000 0.000000 1.000000
0.910998 0.201955 0.359578 -0.122326 -0.353795 0.830743 0.429762 -0.726864 -0.211924 -0.518729 0.828256 -0.345990 0.000000 0.000000 0.000000 1.000000
0.910998 0.201955 0.359578 -0.122326 -0.353795 0.830743 0.429762 -0.722430 -0.211924 -0.518729 0.828256 -0.345990 0.000000 0.000000 0.000000 1.000000
0.910998 0.201955 0.359578 -0.122326 -0.353795 0.830743 0.429762 -0.720826 -0.211924 -0.518729 0.828256 -0.345990 0.000000 0.000000 0.000000 1.000000</float_array><technique_common><accessor source="#jnt_pelvis-Matrix-animation-output-transform-array" count="19" stride="16"><param type="float4x4"/></accessor></technique_common></source><source id="jnt_pelvis-Interpolations"><Name_array id="jnt_pelvis-Interpolations-array" count="19">
 LINEAR LINEAR LINEAR LINEAR LINEAR LINEAR LINEAR LINEAR LINEAR LINEAR LINEAR
LINEAR LINEAR LINEAR LINEAR LINEAR LINEAR LINEAR LINEAR</Name_array><technique_common><accessor source="#jnt_pelvis-Interpolations-array" count="19"><param type="name"/></accessor></technique_common></source><sampler id="jnt_pelvis-Matrix-animation-transform"><input semantic="INPUT" source="#jnt_pelvis-Matrix-animation-input"/><input semantic="OUTPUT" source="#jnt_pelvis-Matrix-animation-output-transform"/><input semantic="INTERPOLATION" source="#jnt_pelvis-Interpolations"/></sampler><channel source="#jnt_pelvis-Matrix-animation-transform" target="jnt_pelvis/matrix"/></animation></animation>
    <animation id="jnt_left_leg1-anim" name="jnt_left_leg1"><animation><source id="jnt_left_leg1-Matrix-animation-input"><float_array id="jnt_left_leg1-Matrix-animation-input-array" count="19">

0.000000 0.033333 0.066667 0.100000 0.133333 0.166667 0.200000 0.233333 0.266667 0.300000 0.333333 0.366667 0.400000 0.433333 0.466667 0.500000
0.533333 0.566667 0.600000</float_array><technique_common><accessor source="#jnt_left_leg1-Matrix-animation-input-array" count="19"><param name="TIME" type="float"/></accessor></technique_common></source><source id="jnt_left_leg1-Matrix-animation-output-transform"><float_array id="jnt_left_leg1-Matrix-animation-output-transform-array" count="304">

0.577288 -0.350228 -0.737617 0.500157 -0.309751 0.741894 -0.594683 -0.457422 0.755508 0.571781 0.319803 0.000000 0.000000 0.000000 0.000000 1.000000
0.574801 -0.346226 -0.741438 0.500157 -0.316176 0.741742 -0.591483 -0.457422 0.754743 0.574410 0.316886 0.000000 0.000000 0.000000 0.000000 1.000000
0.568107 -0.335693 -0.751375 0.500157 -0.333033 0.741141 -0.582923 -0.457422 0.752558 0.581395 0.309251 0.000000 0.000000 0.000000 0.000000 1.000000
0.558366 -0.320944 -0.764998 0.500157 -0.356514 0.739811 -0.570594 -0.457422 0.749083 0.591332 0.298664 0.000000 0.000000 0.000000 0.000000 1.000000
0.546794 -0.304221 -0.780043 0.500157 -0.382967 0.737607 -0.556123 -0.457422 0.744549 0.602815 0.286812 -0.000000 0.000000 0.000000 0.000000 1.000000
0.534655 -0.287505 -0.794660 0.500157 -0.409231 0.734650 -0.541128 -0.457422 0.739374 0.614517 0.275128 -0.000000 0.000000 0.000000 0.000000 1.000000
0.523211 -0.272434 -0.807484 0.500157 -0.432759 0.731325 -0.527147 -0.457422 0.734146 0.625255 0.264739 -0.000000 0.000000 0.000000 0.000000 1.000000
0.513661 -0.260323 -0.817548 0.500157 -0.451564 0.728191 -0.515585 -0.457422 0.729549 0.634012 0.256491 0.000000 0.000000 0.000000 0.000000 1.000000
0.507133 -0.252268 -0.824122 0.500157 -0.464019 0.725873 -0.507734 -0.457422 0.726293 0.639897 0.251057 -0.000000 0.000000 0.000000 0.000000 1.000000
0.504713 -0.249327 -0.826499 0.500157 -0.468558 0.724980 -0.504834 -0.457422 0.725064 0.642059 0.249083 -0.000000 0.000000 0.000000 0.000000 1.000000
0.507133 -0.252268 -0.824122 0.500157 -0.464019 0.725873 -0.507734 -0.457422 0.726293 0.639897 0.251057 -0.000000 0.000000 0.000000 0.000000 1.000000
0.513661 -0.260323 -0.817548 0.500157 -0.451564 0.728191 -0.515585 -0.457422 0.729549 0.634012 0.256491 -0.000000 0.000000 0.000000 0.000000 1.000000
0.523211 -0.272434 -0.807484 0.500157 -0.432759 0.731325 -0.527147 -0.457422 0.734146 0.625255 0.264739 0.000000 0.000000 0.000000 0.000000 1.000000
0.534655 -0.287505 -0.794660 0.500157 -0.409231 0.734650 -0.541128 -0.457422 0.739374 0.614517 0.275128 0.000000 0.000000 0.000000 0.000000 1.000000
0.546794 -0.304221 -0.780043 0.500157 -0.382967 0.737607 -0.556123 -0.457422 0.744549 0.602815 0.286812 -0.000000 0.000000 0.000000 0.000000 1.000000
0.558366 -0.320944 -0.764998 0.500157 -0.356514 0.739811 -0.570594 -0.457422 0.749083 0.591332 0.298664 0.000000 0.000000 0.000000 0.000000 1.000000
0.568107 -0.335693 -0.751375 0.500157 -0.333033 0.741141 -0.582923 -0.457422 0.752558 0.581395 0.309251 0.000000 0.000000 0.000000 0.000000 1.000000
0.574801 -0.346226 -0.741438 0.500157 -0.316176 0.741742 -0.591483 -0.457422 0.754743 0.574410 0.316886 -0.000000 0.000000 0.000000 0.000000 1.000000
0.577288 -0.350228 -0.737617 0.500157 -0.309751 0.741894 -0.594683 -0.457422 0.755508 0.571781 0.319803 0.000000 0.000000 0.000000 0.000000 1.000000</float_array><technique_common><accessor source="#jnt_left_leg1-Matrix-animation-output-transform-array" count="19" stride="16"><param type="float4x4"/></accessor></technique_common></source><source id="jnt_left_leg1-Interpolations"><Name_array id="jnt_left_leg1-Interpolations-array" count="19">
 LINEAR LINEAR LINEAR LINEAR LINEAR LINEAR LINEAR LINEAR LINEAR LINEAR LINEAR
LINEAR LINEAR LINEAR LINEAR LINEAR LINEAR LINEAR LINEAR</Name_array><technique_common><accessor source="#jnt_left_leg1-Interpolations-array" count="19"><param type="name"/></accessor></technique_common></source><sampler id="jnt_left_leg1-Matrix-animation-transform"><input semantic="INPUT" source="#jnt_left_leg1-Matrix-animation-input"/><input semantic="OUTPUT" source="#jnt_left_leg1-Matrix-animation-output-transform"/><input semantic="INTERPOLATION" source="#jnt_left_leg1-Interpolations"/></sampler><channel source="#jnt_left_leg1-Matrix-animation-transform" target="jnt_left_leg1/matrix"/></animation></animation>
    <animation id="jnt_left_leg2-anim" name="jnt_left_leg2"><animation><source id="jnt_left_leg2-Matrix-animation-input"><float_array id="jnt_left_leg2-Matrix-animation-input-array" count="19">

0.000000 0.033333 0.066667 0.100000 0.133333 0.166667 0.200000 0.233333 0.266667 0.300000 0.333333 0.366667 0.400000 0.433333 0.466667 0.500000
0.533333 0.566667 0.600000</float_array><technique_common><accessor source="#jnt_left_leg2-Matrix-animation-input-array" count="19"><param name="TIME" type="float"/></accessor></technique_common></source><source id="jnt_left_leg2-Matrix-animation-output-transform"><float_array id="jnt_left_leg2-Matrix-animation-output-transform-array" count="304">

1.000000 0.000000 0.000000 0.572971 0.000000 1.000000 0.000000 0.016592 0.000000 -0.000000 1.000000 -0.000000 0.000000 0.000000 0.000000 1.000000
1.000000 0.000000 0.000000 0.572971 0.000000 1.000000 0.000000 0.016592 -0.000000 -0.000000 1.000000 -0.000000 0.000000 0.000000 0.000000 1.000000
1.000000 0.000000 0.000000 0.572971 -0.000000 1.000000 -0.000000 0.016592 0.000000 0.000000 1.000000 -0.000000 0.000000 0.000000 0.000000 1.000000
1.000000 0.000000 0.000000 0.572971 0.000000 1.000000 0.000000 0.016592 0.000000 0.000000 1.000000 -0.000000 0.000000 0.000000 0.000000 1.000000
1.000000 0.000000 0.000000 0.572971 0.000000 1.000000 -0.000000 0.016592 0.000000 0.000000 1.000000 -0.000000 0.000000 0.000000 0.000000 1.000000
1.000000 0.000000 0.000000 0.572971 -0.000000 1.000000 0.000000 0.016592 -0.000000 -0.000000 1.000000 -0.000000 0.000000 0.000000 0.000000 1.000000
1.000000 0.000000 0.000000 0.572971 0.000000 1.000000 -0.000000 0.016592 0.000000 0.000000 1.000000 -0.000000 0.000000 0.000000 0.000000 1.000000
1.000000 0.000000 0.000000 0.572971 0.000000 1.000000 0.000000 0.016592 0.000000 0.000000 1.000000 -0.000000 0.000000 0.000000 0.000000 1.000000
1.000000 -0.000000 0.000000 0.572971 -0.000000 1.000000 0.000000 0.016592 -0.000000 -0.000000 1.000000 -0.000000 0.000000 0.000000 0.000000 1.000000
1.000000 -0.000000 -0.000000 0.572971 0.000000 1.000000 -0.000000 0.016592 0.000000 -0.000000 1.000000 -0.000000 0.000000 0.000000 0.000000 1.000000
1.000000 -0.000000 0.000000 0.572971 -0.000000 1.000000 0.000000 0.016592 -0.000000 -0.000000 1.000000 -0.000000 0.000000 0.000000 0.000000 1.000000
1.000000 0.000000 0.000000 0.572971 0.000000 1.000000 0.000000 0.016592 0.000000 0.000000 1.000000 -0.000000 0.000000 0.000000 0.000000 1.000000
1.000000 0.000000 0.000000 0.572971 0.000000 1.000000 -0.000000 0.016592 0.000000 0.000000 1.000000 -0.000000 0.000000 0.000000 0.000000 1.000000
1.000000 0.000000 0.000000 0.572971 -0.000000 1.000000 0.000000 0.016592 -0.000000 -0.000000 1.000000 -0.000000 0.000000 0.000000 0.000000 1.000000
1.000000 0.000000 0.000000 0.572971 0.000000 1.000000 -0.000000 0.016592 0.000000 0.000000 1.000000 -0.000000 0.000000 0.000000 0.000000 1.000000
1.000000 0.000000 -0.000000 0.572971 0.000000 1.000000 0.000000 0.016592 0.000000 0.000000 1.000000 -0.000000 0.000000 0.000000 0.000000 1.000000
1.000000 0.000000 0.000000 0.572971 -0.000000 1.000000 -0.000000 0.016592 0.000000 0.000000 1.000000 -0.000000 0.000000 0.000000 0.000000 1.000000
1.000000 0.000000 0.000000 0.572971 0.000000 1.000000 0.000000 0.016592 -0.000000 -0.000000 1.000000 -0.000000 0.000000 0.000000 0.000000 1.000000
1.000000 0.000000 0.000000 0.572971 0.000000 1.000000 0.000000 0.016592 0.000000 -0.000000 1.000000 -0.000000 0.000000 0.000000 0.000000 1.000000</float_array><technique_common><accessor source="#jnt_left_leg2-Matrix-animation-output-transform-array" count="19" stride="16"><param type="float4x4"/></accessor></technique_common></source><source id="jnt_left_leg2-Interpolations"><Name_array id="jnt_left_leg2-Interpolations-array" count="19">
 LINEAR LINEAR LINEAR LINEAR LINEAR LINEAR LINEAR LINEAR LINEAR LINEAR LINEAR
LINEAR LINEAR LINEAR LINEAR LINEAR LINEAR LINEAR LINEAR</Name_array><technique_common><accessor source="#jnt_left_leg2-Interpolations-array" count="19"><param type="name"/></accessor></technique_common></source><sampler id="jnt_left_leg2-Matrix-animation-transform"><input semantic="INPUT" source="#jnt_left_leg2-Matrix-animation-input"/><input semantic="OUTPUT" source="#jnt_left_leg2-Matrix-animation-output-transform"/><input semantic="INTERPOLATION" source="#jnt_left_leg2-Interpolations"/></sampler><channel source="#jnt_left_leg2-Matrix-animation-transform" target="jnt_left_leg2/matrix"/></animation></animation>
    <animation id="jnt_left_leg3-anim" name="jnt_left_leg3"><animation><source id="jnt_left_leg3-Matrix-animation-input"><float_array id="jnt_left_leg3-Matrix-animation-input-array" count="19">

0.000000 0.033333 0.066667 0.100000 0.133333 0.166667 0.200000 0.233333 0.266667 0.300000 0.333333 0.366667 0.400000 0.433333 0.466667 0.500000
0.533333 0.566667 0.600000</float_array><technique_common><accessor source="#jnt_left_leg3-Matrix-animation-input-array" count="19"><param name="TIME" type="float"/></accessor></technique_common></source><source id="jnt_left_leg3-Matrix-animation-output-transform"><float_array id="jnt_left_leg3-Matrix-animation-output-transform-array" count="304">

0.479585 0.784898 -0.392344 1.109408 -0.771933 0.589989 0.236714 -0.115050 0.417275 0.189338 0.888838 0.000000 0.000000 0.000000 0.000000 1.000000
0.485176 0.783347 -0.388551 1.109408 -0.770683 0.593009 0.233211 -0.115050 0.413100 0.186301 0.891426 -0.000000 0.000000 0.000000 0.000000 1.000000
0.499796 0.779085 -0.378459 1.109408 -0.767199 0.601007 0.224046 -0.115050 0.402008 0.178376 0.898093 0.000000 0.000000 0.000000 0.000000 1.000000
0.520037 0.772676 -0.364052 1.109408 -0.761838 0.612320 0.211345 -0.115050 0.386218 0.167442 0.907083 -0.000000 0.000000 0.000000 0.000000 1.000000
0.542663 0.764777 -0.347321 1.109408 -0.755073 0.625304 0.197132 -0.115050 0.367943 0.155277 0.916792 0.000000 0.000000 0.000000 0.000000 1.000000
0.564935 0.756200 -0.330167 1.109408 -0.747567 0.638442 0.183126 -0.115050 0.349272 0.143368 0.925989 0.000000 0.000000 0.000000 0.000000 1.000000
0.584719 0.747868 -0.314322 1.109408 -0.740152 0.650419 0.170675 -0.115050 0.332083 0.132849 0.933848 -0.000000 0.000000 0.000000 0.000000 1.000000
0.600412 0.740751 -0.301320 1.109408 -0.733737 0.660133 0.160791 -0.115050 0.318017 0.124549 0.939868 0.000000 0.000000 0.000000 0.000000 1.000000
0.610746 0.735806 -0.292539 1.109408 -0.729243 0.666636 0.154279 -0.115050 0.308537 0.119106 0.943726 -0.000000 0.000000 0.000000 0.000000 1.000000
0.614499 0.733958 -0.289305 1.109408 -0.727555 0.669019 0.151914 -0.115050 0.305048 0.117134 0.945106 0.000000 0.000000 0.000000 0.000000 1.000000
0.610746 0.735806 -0.292539 1.109408 -0.729243 0.666636 0.154279 -0.115050 0.308537 0.119106 0.943726 -0.000000 0.000000 0.000000 0.000000 1.000000
0.600412 0.740751 -0.301320 1.109408 -0.733737 0.660133 0.160791 -0.115050 0.318017 0.124549 0.939868 0.000000 0.000000 0.000000 0.000000 1.000000
0.584719 0.747868 -0.314322 1.109408 -0.740152 0.650419 0.170675 -0.115050 0.332083 0.132849 0.933848 0.000000 0.000000 0.000000 0.000000 1.000000
0.564935 0.756200 -0.330167 1.109408 -0.747567 0.638442 0.183126 -0.115050 0.349272 0.143368 0.925989 0.000000 0.000000 0.000000 0.000000 1.000000
0.542663 0.764777 -0.347321 1.109408 -0.755073 0.625304 0.197132 -0.115050 0.367943 0.155277 0.916792 -0.000000 0.000000 0.000000 0.000000 1.000000
0.520037 0.772676 -0.364052 1.109408 -0.761838 0.612320 0.211345 -0.115050 0.386218 0.167442 0.907083 -0.000000 0.000000 0.000000 0.000000 1.000000
0.499796 0.779085 -0.378459 1.109408 -0.767199 0.601007 0.224046 -0.115050 0.402008 0.178376 0.898093 0.000000 0.000000 0.000000 0.000000 1.000000
0.485176 0.783347 -0.388551 1.109408 -0.770683 0.593009 0.233211 -0.115050 0.413100 0.186301 0.891426 -0.000000 0.000000 0.000000 0.000000 1.000000
0.479585 0.784898 -0.392344 1.109408 -0.771933 0.589989 0.236714 -0.115050 0.417275 0.189338 0.888838 0.000000 0.000000 0.000000 0.000000 1.000000</float_array><technique_common><accessor source="#jnt_left_leg3-Matrix-animation-output-transform-array" count="19" stride="16"><param type="float4x4"/></accessor></technique_common></source><source id="jnt_left_leg3-Interpolations"><Name_array id="jnt_left_leg3-Interpolations-array" count="19">
 LINEAR LINEAR LINEAR LINEAR LINEAR LINEAR LINEAR LINEAR LINEAR LINEAR LINEAR
LINEAR LINEAR LINEAR LINEAR LINEAR LINEAR LINEAR LINEAR</Name_array><technique_common><accessor source="#jnt_left_leg3-Interpolations-array" count="19"><param type="name"/></accessor></technique_common></source><sampler id="jnt_left_leg3-Matrix-animation-transform"><input semantic="INPUT" source="#jnt_left_leg3-Matrix-animation-input"/><input semantic="OUTPUT" source="#jnt_left_leg3-Matrix-animation-output-transform"/><input semantic="INTERPOLATION" source="#jnt_left_leg3-Interpolations"/></sampler><channel source="#jnt_left_leg3-Matrix-animation-transform" target="jnt_left_leg3/matrix"/></animation></animation>
    <animation id="jnt_left_truster1-anim" name="jnt_left_truster1"><animation><source id="jnt_left_truster1-Matrix-animation-input"><float_array id="jnt_left_truster1-Matrix-animation-input-array" count="19">

0.000000 0.033333 0.066667 0.100000 0.133333 0.166667 0.200000 0.233333 0.266667 0.300000 0.333333 0.366667 0.400000 0.433333 0.466667 0.500000
0.533333 0.566667 0.600000</float_array><technique_common><accessor source="#jnt_left_truster1-Matrix-animation-input-array" count="19"><param name="TIME" type="float"/></accessor></technique_common></source><source id="jnt_left_truster1-Matrix-animation-output-transform"><float_array id="jnt_left_truster1-Matrix-animation-output-transform-array" count="304">

0.707107 -0.707107 0.000000 0.942482 0.707107 0.707107 0.000000 0.339466 0.000000 -0.000000 1.000000 0.000187 0.000000 0.000000 0.000000 1.000000
0.715060 -0.699063 0.000000 0.942482 0.699063 0.715060 0.000000 0.339466 -0.000000 0.000000 1.000000 0.000187 0.000000 0.000000 0.000000 1.000000
0.735922 -0.677066 0.000000 0.942482 0.677066 0.735922 0.000000 0.339466 -0.000000 0.000000 1.000000 0.000187 0.000000 0.000000 0.000000 1.000000
0.764921 -0.644124 -0.000000 0.942482 0.644124 0.764921 0.000000 0.339466 -0.000000 -0.000000 1.000000 0.000187 0.000000 0.000000 0.000000 1.000000
0.797389 -0.603466 -0.000000 0.942482 0.603466 0.797389 0.000000 0.339466 0.000000 0.000000 1.000000 0.000187 0.000000 0.000000 0.000000 1.000000
0.829218 -0.558925 -0.000000 0.942482 0.558925 0.829218 -0.000000 0.339466 0.000000 0.000000 1.000000 0.000187 0.000000 0.000000 0.000000 1.000000
0.857167 -0.515038 0.000000 0.942482 0.515038 0.857167 -0.000000 0.339466 0.000000 0.000000 1.000000 0.000187 0.000000 0.000000 0.000000 1.000000
0.878940 -0.476932 -0.000000 0.942482 0.476932 0.878940 -0.000000 0.339466 0.000000 -0.000000 1.000000 0.000187 0.000000 0.000000 0.000000 1.000000
0.892994 -0.450070 0.000000 0.942482 0.450070 0.892994 0.000000 0.339466 0.000000 0.000000 1.000000 0.000187 0.000000 0.000000 0.000000 1.000000
0.898028 -0.439939 -0.000000 0.942482 0.439939 0.898028 0.000000 0.339466 0.000000 0.000000 1.000000 0.000187 0.000000 0.000000 0.000000 1.000000
0.892994 -0.450070 0.000000 0.942482 0.450070 0.892994 0.000000 0.339466 0.000000 0.000000 1.000000 0.000187 0.000000 0.000000 0.000000 1.000000
0.878940 -0.476932 -0.000000 0.942482 0.476932 0.878940 -0.000000 0.339466 0.000000 -0.000000 1.000000 0.000187 0.000000 0.000000 0.000000 1.000000
0.857167 -0.515038 0.000000 0.942482 0.515038 0.857167 -0.000000 0.339466 0.000000 0.000000 1.000000 0.000187 0.000000 0.000000 0.000000 1.000000
0.829218 -0.558925 0.000000 0.942482 0.558925 0.829218 -0.000000 0.339466 0.000000 -0.000000 1.000000 0.000187 0.000000 0.000000 0.000000 1.000000
0.797389 -0.603466 -0.000000 0.942482 0.603466 0.797389 0.000000 0.339466 0.000000 0.000000 1.000000 0.000187 0.000000 0.000000 0.000000 1.000000
0.764921 -0.644124 0.000000 0.942482 0.644124 0.764921 -0.000000 0.339466 0.000000 0.000000 1.000000 0.000187 0.000000 0.000000 0.000000 1.000000
0.735922 -0.677066 -0.000000 0.942482 0.677066 0.735922 0.000000 0.339466 -0.000000 0.000000 1.000000 0.000187 0.000000 0.000000 0.000000 1.000000
0.715060 -0.699063 0.000000 0.942482 0.699063 0.715060 0.000000 0.339466 -0.000000 0.000000 1.000000 0.000187 0.000000 0.000000 0.000000 1.000000
0.707107 -0.707107 0.000000 0.942482 0.707107 0.707107 0.000000 0.339466 0.000000 -0.000000 1.000000 0.000187 0.000000 0.000000 0.000000 1.000000</float_array><technique_common><accessor source="#jnt_left_truster1-Matrix-animation-output-transform-array" count="19" stride="16"><param type="float4x4"/></accessor></technique_common></source><source id="jnt_left_truster1-Interpolations"><Name_array id="jnt_left_truster1-Interpolations-array" count="19">
 LINEAR LINEAR LINEAR LINEAR LINEAR LINEAR LINEAR LINEAR LINEAR LINEAR LINEAR
LINEAR LINEAR LINEAR LINEAR LINEAR LINEAR LINEAR LINEAR</Name_array><technique_common><accessor source="#jnt_left_truster1-Interpolations-array" count="19"><param type="name"/></accessor></technique_common></source><sampler id="jnt_left_truster1-Matrix-animation-transform"><input semantic="INPUT" source="#jnt_left_truster1-Matrix-animation-input"/><input semantic="OUTPUT" source="#jnt_left_truster1-Matrix-animation-output-transform"/><input semantic="INTERPOLATION" source="#jnt_left_truster1-Interpolations"/></sampler><channel source="#jnt_left_truster1-Matrix-animation-transform" target="jnt_left_truster1/matrix"/></animation></animation>
    <animation id="jnt_left_truster2-anim" name="jnt_left_truster2"><animation><source id="jnt_left_truster2-Matrix-animation-input"><float_array id="jnt_left_truster2-Matrix-animation-input-array" count="19">

0.000000 0.033333 0.066667 0.100000 0.133333 0.166667 0.200000 0.233333 0.266667 0.300000 0.333333 0.366667 0.400000 0.433333 0.466667 0.500000
0.533333 0.566667 0.600000</float_array><technique_common><accessor source="#jnt_left_truster2-Matrix-animation-input-array" count="19"><param name="TIME" type="float"/></accessor></technique_common></source><source id="jnt_left_truster2-Matrix-animation-output-transform"><float_array id="jnt_left_truster2-Matrix-animation-output-transform-array" count="304">

0.707107 0.000000 -0.707107 0.942482 -0.000000 1.000000 0.000000 -0.000000 0.707107 0.000000 0.707107 0.288533 0.000000 0.000000 0.000000 1.000000
0.715060 0.000000 -0.699063 0.942482 -0.000000 1.000000 0.000000 -0.000000 0.699063 0.000000 0.715060 0.288533 0.000000 0.000000 0.000000 1.000000
0.735922 0.000000 -0.677066 0.942482 0.000000 1.000000 -0.000000 -0.000000 0.677066 -0.000000 0.735922 0.288533 0.000000 0.000000 0.000000 1.000000
0.764921 -0.000000 -0.644124 0.942482 0.000000 1.000000 0.000000 -0.000000 0.644124 -0.000000 0.764921 0.288533 0.000000 0.000000 0.000000 1.000000
0.797389 -0.000000 -0.603466 0.942482 0.000000 1.000000 -0.000000 -0.000000 0.603466 0.000000 0.797389 0.288533 0.000000 0.000000 0.000000 1.000000
0.829218 0.000000 -0.558925 0.942482 -0.000000 1.000000 -0.000000 -0.000000 0.558925 0.000000 0.829218 0.288533 0.000000 0.000000 0.000000 1.000000
0.857167 0.000000 -0.515038 0.942482 -0.000000 1.000000 -0.000000 -0.000000 0.515038 0.000000 0.857167 0.288533 0.000000 0.000000 0.000000 1.000000
0.878940 -0.000000 -0.476932 0.942482 -0.000000 1.000000 0.000000 -0.000000 0.476932 -0.000000 0.878940 0.288533 0.000000 0.000000 0.000000 1.000000
0.892994 0.000000 -0.450070 0.942482 -0.000000 1.000000 0.000000 -0.000000 0.450070 0.000000 0.892994 0.288533 0.000000 0.000000 0.000000 1.000000
0.898028 0.000000 -0.439939 0.942482 -0.000000 1.000000 0.000000 -0.000000 0.439939 0.000000 0.898028 0.288533 0.000000 0.000000 0.000000 1.000000
0.892994 0.000000 -0.450070 0.942482 -0.000000 1.000000 0.000000 -0.000000 0.450070 0.000000 0.892994 0.288533 0.000000 0.000000 0.000000 1.000000
0.878940 -0.000000 -0.476932 0.942482 -0.000000 1.000000 -0.000000 -0.000000 0.476932 -0.000000 0.878940 0.288533 0.000000 0.000000 0.000000 1.000000
0.857167 0.000000 -0.515038 0.942482 -0.000000 1.000000 -0.000000 -0.000000 0.515038 0.000000 0.857167 0.288533 0.000000 0.000000 0.000000 1.000000
0.829218 0.000000 -0.558925 0.942482 -0.000000 1.000000 -0.000000 -0.000000 0.558925 0.000000 0.829218 0.288533 0.000000 0.000000 0.000000 1.000000
0.797389 -0.000000 -0.603466 0.942482 0.000000 1.000000 -0.000000 -0.000000 0.603466 0.000000 0.797389 0.288533 0.000000 0.000000 0.000000 1.000000
0.764921 0.000000 -0.644124 0.942482 -0.000000 1.000000 -0.000000 -0.000000 0.644124 -0.000000 0.764921 0.288533 0.000000 0.000000 0.000000 1.000000
0.735922 0.000000 -0.677066 0.942482 0.000000 1.000000 0.000000 -0.000000 0.677066 0.000000 0.735922 0.288533 0.000000 0.000000 0.000000 1.000000
0.715060 0.000000 -0.699063 0.942482 -0.000000 1.000000 0.000000 -0.000000 0.699063 0.000000 0.715060 0.288533 0.000000 0.000000 0.000000 1.000000
0.707107 0.000000 -0.707107 0.942482 -0.000000 1.000000 0.000000 -0.000000 0.707107 0.000000 0.707107 0.288533 0.000000 0.000000 0.000000 1.000000</float_array><technique_common><accessor source="#jnt_left_truster2-Matrix-animation-output-transform-array" count="19" stride="16"><param type="float4x4"/></accessor></technique_common></source><source id="jnt_left_truster2-Interpolations"><Name_array id="jnt_left_truster2-Interpolations-array" count="19">
 LINEAR LINEAR LINEAR LINEAR LINEAR LINEAR LINEAR LINEAR LINEAR LINEAR LINEAR
LINEAR LINEAR LINEAR LINEAR LINEAR LINEAR LINEAR LINEAR</Name_array><technique_common><accessor source="#jnt_left_truster2-Interpolations-array" count="19"><param type="name"/></accessor></technique_common></source><sampler id="jnt_left_truster2-Matrix-animation-transform"><input semantic="INPUT" source="#jnt_left_truster2-Matrix-animation-input"/><input semantic="OUTPUT" source="#jnt_left_truster2-Matrix-animation-output-transform"/><input semantic="INTERPOLATION" source="#jnt_left_truster2-Interpolations"/></sampler><channel source="#jnt_left_truster2-Matrix-animation-transform" target="jnt_left_truster2/matrix"/></animation></animation>
    <animation id="jnt_left_truster3-anim" name="jnt_left_truster3"><animation><source id="jnt_left_truster3-Matrix-animation-input"><float_array id="jnt_left_truster3-Matrix-animation-input-array" count="19">

0.000000 0.033333 0.066667 0.100000 0.133333 0.166667 0.200000 0.233333 0.266667 0.300000 0.333333 0.366667 0.400000 0.433333 0.466667 0.500000
0.533333 0.566667 0.600000</float_array><technique_common><accessor source="#jnt_left_truster3-Matrix-animation-input-array" count="19"><param name="TIME" type="float"/></accessor></technique_common></source><source id="jnt_left_truster3-Matrix-animation-output-transform"><float_array id="jnt_left_truster3-Matrix-animation-output-transform-array" count="304">

0.707107 0.000000 0.707107 0.942482 0.000000 1.000000 0.000000 -0.000000 -0.707107 0.000000 0.707107 -0.288158 0.000000 0.000000 0.000000 1.000000
0.715060 0.000000 0.699063 0.942482 0.000000 1.000000 0.000000 -0.000000 -0.699063 0.000000 0.715060 -0.288158 0.000000 0.000000 0.000000 1.000000
0.735922 0.000000 0.677066 0.942482 0.000000 1.000000 0.000000 -0.000000 -0.677066 -0.000000 0.735922 -0.288158 0.000000 0.000000 0.000000 1.000000
0.764921 -0.000000 0.644124 0.942482 0.000000 1.000000 -0.000000 -0.000000 -0.644124 -0.000000 0.764921 -0.288158 0.000000 0.000000 0.000000 1.000000
0.797389 -0.000000 0.603466 0.942482 0.000000 1.000000 0.000000 -0.000000 -0.603466 0.000000 0.797389 -0.288158 0.000000 0.000000 0.000000 1.000000
0.829218 0.000000 0.558925 0.942482 0.000000 1.000000 -0.000000 -0.000000 -0.558925 0.000000 0.829218 -0.288158 0.000000 0.000000 0.000000 1.000000
0.857167 0.000000 0.515038 0.942482 0.000000 1.000000 0.000000 -0.000000 -0.515038 0.000000 0.857167 -0.288158 0.000000 0.000000 0.000000 1.000000
0.878940 -0.000000 0.476932 0.942482 -0.000000 1.000000 -0.000000 -0.000000 -0.476932 -0.000000 0.878940 -0.288158 0.000000 0.000000 0.000000 1.000000
0.892994 0.000000 0.450070 0.942482 0.000000 1.000000 0.000000 -0.000000 -0.450070 0.000000 0.892994 -0.288158 0.000000 0.000000 0.000000 1.000000
0.898028 0.000000 0.439939 0.942482 -0.000000 1.000000 -0.000000 -0.000000 -0.439939 0.000000 0.898028 -0.288158 0.000000 0.000000 0.000000 1.000000
0.892994 0.000000 0.450070 0.942482 0.000000 1.000000 0.000000 -0.000000 -0.450070 0.000000 0.892994 -0.288158 0.000000 0.000000 0.000000 1.000000
0.878940 -0.000000 0.476932 0.942482 -0.000000 1.000000 -0.000000 -0.000000 -0.476932 -0.000000 0.878940 -0.288158 0.000000 0.000000 0.000000 1.000000
0.857167 0.000000 0.515038 0.942482 0.000000 1.000000 0.000000 -0.000000 -0.515038 0.000000 0.857167 -0.288158 0.000000 0.000000 0.000000 1.000000
0.829218 -0.000000 0.558925 0.942482 0.000000 1.000000 -0.000000 -0.000000 -0.558925 0.000000 0.829218 -0.288158 0.000000 0.000000 0.000000 1.000000
0.797389 -0.000000 0.603466 0.942482 -0.000000 1.000000 0.000000 -0.000000 -0.603466 0.000000 0.797389 -0.288158 0.000000 0.000000 0.000000 1.000000
0.764921 0.000000 0.644124 0.942482 -0.000000 1.000000 0.000000 -0.000000 -0.644124 -0.000000 0.764921 -0.288158 0.000000 0.000000 0.000000 1.000000
0.735922 0.000000 0.677066 0.942482 -0.000000 1.000000 0.000000 -0.000000 -0.677066 0.000000 0.735922 -0.288158 0.000000 0.000000 0.000000 1.000000
0.715060 0.000000 0.699063 0.942482 0.000000 1.000000 0.000000 -0.000000 -0.699063 0.000000 0.715060 -0.288158 0.000000 0.000000 0.000000 1.000000
