<?xml version="1.0" encoding="utf-8"?>
<COLLADA xmlns="http://www.collada.org/2005/11/COLLADASchema" version="1.4.1">
  <asset><contributor><author></author><authoring_tool>FBX COLLADA exporter</authoring_tool><comments></comments></contributor><created>2019-02-07T17:54:56Z</created><keywords></keywords><modified>2019-02-07T17:54:56Z</modified><revision></revision><subject></subject><title></title><unit meter="0.010000" name="centimeter"></unit><up_axis>Y_UP</up_axis></asset>
  <library_animations>
    <animation id="root_jnt-anim" name="root_jnt"><animation><source id="root_jnt-Matrix-animation-input"><float_array id="root_jnt-Matrix-animation-input-array" count="19">

0.000000 0.033333 0.066667 0.100000 0.133333 0.166667 0.200000 0.233333 0.266667 0.300000 0.333333 0.366667 0.400000 0.433333 0.466667 0.500000
0.533333 0.566667 0.600000</float_array><technique_common><accessor source="#root_jnt-Matrix-animation-input-array" count="19"><param name="TIME" type="float"/></accessor></technique_common></source><source id="root_jnt-Matrix-animation-output-transform"><float_array id="root_jnt-Matrix-animation-output-transform-array" count="304">

1.000000 0.000000 0.000000 0.000000 0.000000 1.000000 0.000000 0.000000 0.000000 0.000000 1.000000 0.000000 0.000000 0.000000 0.000000 1.000000
1.000000 0.000000 0.000000 0.000000 0.000000 1.000000 0.000000 0.000000 0.000000 0.000000 1.000000 0.000000 0.000000 0.000000 0.000000 1.000000
1.000000 0.000000 0.000000 0.000000 0.000000 1.000000 0.000000 0.000000 0.000000 0.000000 1.000000 0.000000 0.000000 0.000000 0.000000 1.000000
1.000000 0.000000 0.000000 0.000000 0.000000 1.000000 0.000000 0.000000 0.000000 0.000000 1.000000 0.000000 0.000000 0.000000 0.000000 1.000000
1.000000 0.000000 0.000000 0.000000 0.000000 1.000000 0.000000 0.000000 0.000000 0.000000 1.000000 0.000000 0.000000 0.000000 0.000000 1.000000
1.000000 0.000000 0.000000 0.000000 0.000000 1.000000 0.000000 0.000000 0.000000 0.000000 1.000000 0.000000 0.000000 0.000000 0.000000 1.000000
1.000000 0.000000 0.000000 0.000000 0.000000 1.000000 0.000000 0.000000 0.000000 0.000000 1.000000 0.000000 0.000000 0.000000 0.000000 1.000000
1.000000 0.000000 0.000000 0.000000 0.000000 1.000000 0.000000 0.000000 0.000000 0.000000 1.000000 0.000000 0.000000 0.000000 0.000000 1.000000
1.000000 0.000000 0.000000 0.000000 0.000000 1.000000 0.000000 0.000000 0.000000 0.000000 1.000000 0.000000 0.000000 0.000000 0.000000 1.000000
1.000000 0.000000 0.000000 0.000000 0.000000 1.000000 0.000000 0.000000 0.000000 0.000000 1.000000 0.000000 0.000000 0.000000 0.000000 1.000000
1.000000 0.000000 0.000000 0.000000 0.000000 1.000000 0.000000 0.000000 0.000000 0.000000 1.000000 0.000000 0.000000 0.000000 0.000000 1.000000
1.000000 0.000000 0.000000 0.000000 0.000000 1.000000 0.000000 0.000000 0.000000 0.000000 1.000000 0.000000 0.000000 0.000000 0.000000 1.000000
1.000000 0.000000 0.000000 0.000000 0.000000 1.000000 0.000000 0.000000 0.000000 0.000000 1.000000 0.000000 0.000000 0.000000 0.000000 1.000000
1.000000 0.000000 0.000000 0.000000 0.000000 1.000000 0.000000 0.000000 0.000000 0.000000 1.000000 0.000000 0.000000 0.000000 0.000000 1.000000
1.000000 0.000000 0.000000 0.000000 0.000000 1.000000 0.000000 0.000000 0.000000 0.000000 1.000000 0.000000 0.000000 0.000000 0.000000 1.000000
1.000000 0.000000 0.000000 0.000000 0.000000 1.000000 0.000000 0.000000 0.000000 0.000000 1.000000 0.000000 0.000000 0.000000 0.000000 1.000000
1.000000 0.000000 0.000000 0.000000 0.000000 1.000000 0.000000 0.000000 0.000000 0.000000 1.000000 0.000000 0.000000 0.000000 0.000000 1.000000
1.000000 0.000000 0.000000 0.000000 0.000000 1.000000 0.000000 0.000000 0.000000 0.000000 1.000000 0.000000 0.000000 0.000000 0.000000 1.000000
1.000000 0.000000 0.000000 0.000000 0.000000 1.000000 0.000000 0.000000 0.000000 0.000000 1.000000 0.000000 0.000000 0.000000 0.000000 1.000000</float_array><technique_common><accessor source="#root_jnt-Matrix-animation-output-transform-array" count="19" stride="16"><param type="float4x4"/></accessor></technique_common></source><source id="root_jnt-Interpolations"><Name_array id="root_jnt-Interpolations-array" count="19">
 LINEAR LINEAR LINEAR LINEAR LINEAR LINEAR LINEAR LINEAR LINEAR LINEAR LINEAR
LINEAR LINEAR LINEAR LINEAR LINEAR LINEAR LINEAR LINEAR</Name_array><technique_common><accessor source="#root_jnt-Interpolations-array" count="19"><param type="name"/></accessor></technique_common></source><sampler id="root_jnt-Matrix-animation-transform"><input semantic="INPUT" source="#root_jnt-Matrix-animation-input"/><input semantic="OUTPUT" source="#root_jnt-Matrix-animation-output-transform"/><input semantic="INTERPOLATION" source="#root_jnt-Interpolations"/></sampler><channel source="#root_jnt-Matrix-animation-transform" target="root_jnt/matrix"/></animation></animation>
    <animation id="jnt_hips-anim" name="jnt_hips"><animation><source id="jnt_hips-Matrix-animation-input"><float_array id="jnt_hips-Matrix-animation-input-array" count="19">

0.000000 0.033333 0.066667 0.100000 0.133333 0.166667 0.200000 0.233333 0.266667 0.300000 0.333333 0.366667 0.400000 0.433333 0.466667 0.500000
0.533333 0.566667 0.600000</float_array><technique_common><accessor source="#jnt_hips-Matrix-animation-input-array" count="19"><param name="TIME" type="float"/></accessor></technique_common></source><source id="jnt_hips-Matrix-animation-output-transform"><float_array id="jnt_hips-Matrix-animation-output-transform-array" count="304">

0.974655 -0.223708 0.001289 0.000000 0.223704 0.974552 -0.014293 4.862378 0.001941 0.014219 0.999897 -0.094053 0.000000 0.000000 0.000000 1.000000
0.974655 -0.223708 0.001289 0.000000 0.223704 0.974552 -0.014293 4.862378 0.001941 0.014219 0.999897 -0.094053 0.000000 0.000000 0.000000 1.000000
0.974655 -0.223708 0.001289 0.000000 0.223704 0.974552 -0.014293 4.862378 0.001941 0.014219 0.999897 -0.094053 0.000000 0.000000 0.000000 1.000000
0.974655 -0.223708 0.001289 0.000000 0.223704 0.974552 -0.014293 4.862378 0.001941 0.014219 0.999897 -0.094053 0.000000 0.000000 0.000000 1.000000
0.974655 -0.223708 0.001289 0.000000 0.223704 0.974552 -0.014293 4.862378 0.001941 0.014219 0.999897 -0.094053 0.000000 0.000000 0.000000 1.000000
0.974655 -0.223708 0.001289 0.000000 0.223704 0.974552 -0.014293 4.862378 0.001941 0.014219 0.999897 -0.094053 0.000000 0.000000 0.000000 1.000000
0.974655 -0.223708 0.001289 0.000000 0.223704 0.974552 -0.014293 4.862378 0.001941 0.014219 0.999897 -0.094053 0.000000 0.000000 0.000000 1.000000
0.974655 -0.223708 0.001289 0.000000 0.223704 0.974552 -0.014293 4.862378 0.001941 0.014219 0.999897 -0.094053 0.000000 0.000000 0.000000 1.000000
0.974655 -0.223708 0.001289 0.000000 0.223704 0.974552 -0.014293 4.862378 0.001941 0.014219 0.999897 -0.094053 0.000000 0.000000 0.000000 1.000000
0.974655 -0.223708 0.001289 0.000000 0.223704 0.974552 -0.014293 4.862378 0.001941 0.014219 0.999897 -0.094053 0.000000 0.000000 0.000000 1.000000
0.974655 -0.223708 0.001289 0.000000 0.223704 0.974552 -0.014293 4.862378 0.001941 0.014219 0.999897 -0.094053 0.000000 0.000000 0.000000 1.000000
0.974655 -0.223708 0.001289 0.000000 0.223704 0.974552 -0.014293 4.862378 0.001941 0.014219 0.999897 -0.094053 0.000000 0.000000 0.000000 1.000000
0.974655 -0.223708 0.001289 0.000000 0.223704 0.974552 -0.014293 4.862378 0.001941 0.014219 0.999897 -0.094053 0.000000 0.000000 0.000000 1.000000
0.974655 -0.223708 0.001289 0.000000 0.223704 0.974552 -0.014293 4.862378 0.001941 0.014219 0.999897 -0.094053 0.000000 0.000000 0.000000 1.000000
0.974655 -0.223708 0.001289 0.000000 0.223704 0.974552 -0.014293 4.862378 0.001941 0.014219 0.999897 -0.094053 0.000000 0.000000 0.000000 1.000000
0.974655 -0.223708 0.001289 0.000000 0.223704 0.974552 -0.014293 4.862378 0.001941 0.014219 0.999897 -0.094053 0.000000 0.000000 0.000000 1.000000
0.974655 -0.223708 0.001289 0.000000 0.223704 0.974552 -0.014293 4.862378 0.001941 0.014219 0.999897 -0.094053 0.000000 0.000000 0.000000 1.000000
0.974655 -0.223708 0.001289 0.000000 0.223704 0.974552 -0.014293 4.862378 0.001941 0.014219 0.999897 -0.094053 0.000000 0.000000 0.000000 1.000000
0.974655 -0.223708 0.001289 0.000000 0.223704 0.974552 -0.014293 4.862378 0.001941 0.014219 0.999897 -0.094053 0.000000 0.000000 0.000000 1.000000</float_array><technique_common><accessor source="#jnt_hips-Matrix-animation-output-transform-array" count="19" stride="16"><param type="float4x4"/></accessor></technique_common></source><source id="jnt_hips-Interpolations"><Name_array id="jnt_hips-Interpolations-array" count="19">
 LINEAR LINEAR LINEAR LINEAR LINEAR LINEAR LINEAR LINEAR LINEAR LINEAR LINEAR
LINEAR LINEAR LINEAR LINEAR LINEAR LINEAR LINEAR LINEAR</Name_array><technique_common><accessor source="#jnt_hips-Interpolations-array" count="19"><param type="name"/></accessor></technique_common></source><sampler id="jnt_hips-Matrix-animation-transform"><input semantic="INPUT" source="#jnt_hips-Matrix-animation-input"/><input semantic="OUTPUT" source="#jnt_hips-Matrix-animation-output-transform"/><input semantic="INTERPOLATION" source="#jnt_hips-Interpolations"/></sampler><channel source="#jnt_hips-Matrix-animation-transform" target="jnt_hips/matrix"/></animation></animation>
    <animation id="jnt_pelvis-anim" name="jnt_pelvis"><animation><source id="jnt_pelvis-Matrix-animation-input"><float_array id="jnt_pelvis-Matrix-animation-input-array" count="19">

0.000000 0.033333 0.066667 0.100000 0.133333 0.166667 0.200000 0.233333 0.266667 0.300000 0.333333 0.366667 0.400000 0.433333 0.466667 0.500000
0.533333 0.566667 0.600000</float_array><technique_common><accessor source="#jnt_pelvis-Matrix-animation-input-array" count="19"><param name="TIME" type="float"/></accessor></technique_common></source><source id="jnt_pelvis-Matrix-animation-output-transform"><float_array id="jnt_pelvis-Matrix-animation-output-transform-array" count="304">

0.896923 -0.441775 0.019072 0.120427 0.441325 0.891649 -0.100969 -0.714778 0.027600 0.098978 0.994707 -0.345990 0.000000 0.000000 0.000000 1.000000
0.896923 -0.441775 0.019072 0.120427 0.441325 0.891649 -0.100969 -0.720815 0.027600 0.098978 0.994707 -0.345990 0.000000 0.000000 0.000000 1.000000
0.896923 -0.441775 0.019072 0.120427 0.441325 0.891649 -0.100969 -0.735908 0.027600 0.098978 0.994707 -0.345990 0.000000 0.000000 0.000000 1.000000
0.896923 -0.441775 0.019072 0.120427 0.441325 0.891649 -0.100969 -0.755529 0.027600 0.098978 0.994707 -0.345990 0.000000 0.000000 0.000000 1.000000
0.896923 -0.441775 0.019072 0.120427 0.441325 0.891649 -0.100969 -0.775150 0.027600 0.098978 0.994707 -0.345990 0.000000 0.000000 0.000000 1.000000
0.896923 -0.441775 0.019072 0.120427 0.441325 0.891649 -0.100969 -0.790243 0.027600 0.098978 0.994707 -0.345990 0.000000 0.000000 0.000000 1.000000
0.896923 -0.441775 0.019072 0.120427 0.441325 0.891649 -0.100969 -0.796280 0.027600 0.098978 0.994707 -0.345990 0.000000 0.000000 0.000000 1.000000
0.896923 -0.441775 0.019072 0.120427 0.441325 0.891649 -0.100969 -0.794677 0.027600 0.098978 0.994707 -0.345990 0.000000 0.000000 0.000000 1.000000
0.896923 -0.441775 0.019072 0.120427 0.441325 0.891649 -0.100969 -0.790243 0.027600 0.098978 0.994707 -0.345990 0.000000 0.000000 0.000000 1.000000
0.896923 -0.441775 0.019072 0.120427 0.441325 0.891649 -0.100969 -0.783545 0.027600 0.098978 0.994707 -0.345990 0.000000 0.000000 0.000000 1.000000
0.896923 -0.441775 0.019072 0.120427 0.441325 0.891649 -0.100969 -0.775150 0.027600 0.098978 0.994707 -0.345990 0.000000 0.000000 0.000000 1.000000
0.896923 -0.441775 0.019072 0.120427 0.441325 0.891649 -0.100969 -0.765623 0.027600 0.098978 0.994707 -0.345990 0.000000 0.000000 0.000000 1.000000
0.896923 -0.441775 0.019072 0.120427 0.441325 0.891649 -0.100969 -0.755529 0.027600 0.098978 0.994707 -0.345990 0.000000 0.000000 0.000000 1.000000
0.896923 -0.441775 0.019072 0.120427 0.441325 0.891649 -0.100969 -0.745436 0.027600 0.098978 0.994707 -0.345990 0.000000 0.000000 0.000000 1.000000
0.896923 -0.441775 0.019072 0.120427 0.441325 0.891649 -0.100969 -0.735908 0.027600 0.098978 0.994707 -0.345990 0.000000 0.000000 0.000000 1.000000
0.896923 -0.441775 0.019072 0.120427 0.441325 0.891649 -0.100969 -0.727513 0.027600 0.098978 0.994707 -0.345990 0.000000 0.000000 0.000000 1.000000
0.896923 -0.441775 0.019072 0.120427 0.441325 0.891649 -0.100969 -0.720815 0.027600 0.098978 0.994707 -0.345990 0.000000 0.000000 0.000000 1.000000
0.896923 -0.441775 0.019072 0.120427 0.441325 0.891649 -0.100969 -0.716382 0.027600 0.098978 0.994707 -0.345990 0.000000 0.000000 0.000000 1.000000
0.896923 -0.441775 0.019072 0.120427 0.441325 0.891649 -0.100969 -0.714778 0.027600 0.098978 0.994707 -0.345990 0.000000 0.000000 0.000000 1.000000</float_array><technique_common><accessor source="#jnt_pelvis-Matrix-animation-output-transform-array" count="19" stride="16"><param type="float4x4"/></accessor></technique_common></source><source id="jnt_pelvis-Interpolations"><Name_array id="jnt_pelvis-Interpolations-array" count="19">
 LINEAR LINEAR LINEAR LINEAR LINEAR LINEAR LINEAR LINEAR LINEAR LINEAR LINEAR
LINEAR LINEAR LINEAR LINEAR LINEAR LINEAR LINEAR LINEAR</Name_array><technique_common><accessor source="#jnt_pelvis-Interpolations-array" count="19"><param type="name"/></accessor></technique_common></source><sampler id="jnt_pelvis-Matrix-animation-transform"><input semantic="INPUT" source="#jnt_pelvis-Matrix-animation-input"/><input semantic="OUTPUT" source="#jnt_pelvis-Matrix-animation-output-transform"/><input semantic="INTERPOLATION" source="#jnt_pelvis-Interpolations"/></sampler><channel source="#jnt_pelvis-Matrix-animation-transform" target="jnt_pelvis/matrix"/></animation></animation>
    <animation id="jnt_left_leg1-anim" name="jnt_left_leg1"><animation><source id="jnt_left_leg1-Matrix-animation-input"><float_array id="jnt_left_leg1-Matrix-animation-input-array" count="19">

0.000000 0.033333 0.066667 0.100000 0.133333 0.166667 0.200000 0.233333 0.266667 0.300000 0.333333 0.366667 0.400000 0.433333 0.466667 0.500000
0.533333 0.566667 0.600000</float_array><technique_common><accessor source="#jnt_left_leg1-Matrix-animation-input-array" count="19"><param name="TIME" type="float"/></accessor></technique_common></source><source id="jnt_left_leg1-Matrix-animation-output-transform"><float_array id="jnt_left_leg1-Matrix-animation-output-transform-array" count="304">

0.832199 0.140504 -0.536380 0.500157 -0.445852 0.744664 -0.496680 -0.457422 0.329637 0.652482 0.682353 0.000000 0.000000 0.000000 0.000000 1.000000
0.826153 0.148070 -0.543642 0.500157 -0.455704 0.743032 -0.490140 -0.457422 0.331368 0.652671 0.681334 0.000000 0.000000 0.000000 0.000000 1.000000
0.809883 0.167727 -0.562101 0.500157 -0.481043 0.738284 -0.472794 -0.457422 0.335690 0.653303 0.678607 0.000000 0.000000 0.000000 0.000000 1.000000
0.786314 0.194595 -0.586382 0.500157 -0.515079 0.730594 -0.448247 -0.457422 0.341180 0.654496 0.674708 0.000000 0.000000 0.000000 0.000000 1.000000
0.758655 0.224050 -0.611755 0.500157 -0.551617 0.720528 -0.420189 -0.457422 0.346643 0.656233 0.670222 0.000000 0.000000 0.000000 0.000000 1.000000
0.730215 0.252347 -0.634908 0.500157 -0.585964 0.709182 -0.392057 -0.457422 0.351331 0.658318 0.665721 0.000000 0.000000 0.000000 0.000000 1.000000
0.704048 0.276835 -0.653971 0.500157 -0.615094 0.697973 -0.366732 -0.457422 0.354930 0.660451 0.661687 0.000000 0.000000 0.000000 0.000000 1.000000
0.682745 0.295797 -0.668104 0.500157 -0.637270 0.688365 -0.346468 -0.457422 0.357415 0.662312 0.658481 0.000000 0.000000 0.000000 0.000000 1.000000
0.668474 0.308050 -0.676940 0.500157 -0.651422 0.681706 -0.333056 -0.457422 0.358876 0.663613 0.656374 0.000000 0.000000 0.000000 0.000000 1.000000
0.663245 0.312454 -0.680058 0.500157 -0.656474 0.679224 -0.328173 -0.457422 0.359373 0.664099 0.655609 0.000000 0.000000 0.000000 0.000000 1.000000
0.668474 0.308050 -0.676940 0.500157 -0.651422 0.681706 -0.333056 -0.457422 0.358876 0.663613 0.656374 0.000000 0.000000 0.000000 0.000000 1.000000
0.682745 0.295797 -0.668104 0.500157 -0.637270 0.688365 -0.346468 -0.457422 0.357415 0.662312 0.658481 0.000000 0.000000 0.000000 0.000000 1.000000
0.704048 0.276835 -0.653971 0.500157 -0.615094 0.697973 -0.366732 -0.457422 0.354930 0.660451 0.661687 0.000000 0.000000 0.000000 0.000000 1.000000
0.730215 0.252347 -0.634908 0.500157 -0.585964 0.709182 -0.392057 -0.457422 0.351331 0.658318 0.665721 0.000000 0.000000 0.000000 0.000000 1.000000
0.758655 0.224050 -0.611755 0.500157 -0.551617 0.720528 -0.420189 -0.457422 0.346643 0.656233 0.670222 0.000000 0.000000 0.000000 0.000000 1.000000
0.786314 0.194595 -0.586382 0.500157 -0.515079 0.730594 -0.448247 -0.457422 0.341180 0.654496 0.674708 0.000000 0.000000 0.000000 0.000000 1.000000
0.809883 0.167727 -0.562101 0.500157 -0.481043 0.738284 -0.472794 -0.457422 0.335690 0.653303 0.678607 0.000000 0.000000 0.000000 0.000000 1.000000
0.826153 0.148070 -0.543642 0.500157 -0.455704 0.743032 -0.490140 -0.457422 0.331368 0.652671 0.681334 0.000000 0.000000 0.000000 0.000000 1.000000
0.832199 0.140504 -0.536380 0.500157 -0.445852 0.744664 -0.496680 -0.457422 0.329637 0.652482 0.682353 0.000000 0.000000 0.000000 0.000000 1.000000</float_array><technique_common><accessor source="#jnt_left_leg1-Matrix-animation-output-transform-array" count="19" stride="16"><param type="float4x4"/></accessor></technique_common></source><source id="jnt_left_leg1-Interpolations"><Name_array id="jnt_left_leg1-Interpolations-array" count="19">
 LINEAR LINEAR LINEAR LINEAR LINEAR LINEAR LINEAR LINEAR LINEAR LINEAR LINEAR
LINEAR LINEAR LINEAR LINEAR LINEAR LINEAR LINEAR LINEAR</Name_array><technique_common><accessor source="#jnt_left_leg1-Interpolations-array" count="19"><param type="name"/></accessor></technique_common></source><sampler id="jnt_left_leg1-Matrix-animation-transform"><input semantic="INPUT" source="#jnt_left_leg1-Matrix-animation-input"/><input semantic="OUTPUT" source="#jnt_left_leg1-Matrix-animation-output-transform"/><input semantic="INTERPOLATION" source="#jnt_left_leg1-Interpolations"/></sampler><channel source="#jnt_left_leg1-Matrix-animation-transform" target="jnt_left_leg1/matrix"/></animation></animation>
    <animation id="jnt_left_leg2-anim" name="jnt_left_leg2"><animation><source id="jnt_left_leg2-Matrix-animation-input"><float_array id="jnt_left_leg2-Matrix-animation-input-array" count="19">

0.000000 0.033333 0.066667 0.100000 0.133333 0.166667 0.200000 0.233333 0.266667 0.300000 0.333333 0.366667 0.400000 0.433333 0.466667 0.500000
0.533333 0.566667 0.600000</float_array><technique_common><accessor source="#jnt_left_leg2-Matrix-animation-input-array" count="19"><param name="TIME" type="float"/></accessor></technique_common></source><source id="jnt_left_leg2-Matrix-animation-output-transform"><float_array id="jnt_left_leg2-Matrix-animation-output-transform-array" count="304">

1.000000 0.000000 0.000000 0.572971 0.000000 1.000000 0.000000 0.016592 -0.000000 -0.000000 1.000000 -0.000000 0.000000 0.000000 0.000000 1.000000
1.000000 0.000000 0.000000 0.572971 0.000000 1.000000 0.000000 0.016592 0.000000 -0.000000 1.000000 -0.000000 0.000000 0.000000 0.000000 1.000000
1.000000 0.000000 0.000000 0.572971 0.000000 1.000000 0.000000 0.016592 -0.000000 -0.000000 1.000000 -0.000000 0.000000 0.000000 0.000000 1.000000
1.000000 0.000000 -0.000000 0.572971 -0.000000 1.000000 -0.000000 0.016592 0.000000 0.000000 1.000000 -0.000000 0.000000 0.000000 0.000000 1.000000
1.000000 0.000000 0.000000 0.572971 0.000000 1.000000 0.000000 0.016592 0.000000 0.000000 1.000000 -0.000000 0.000000 0.000000 0.000000 1.000000
1.000000 -0.000000 0.000000 0.572971 0.000000 1.000000 -0.000000 0.016592 0.000000 -0.000000 1.000000 -0.000000 0.000000 0.000000 0.000000 1.000000
1.000000 -0.000000 -0.000000 0.572971 0.000000 1.000000 0.000000 0.016592 0.000000 0.000000 1.000000 -0.000000 0.000000 0.000000 0.000000 1.000000
1.000000 -0.000000 0.000000 0.572971 0.000000 1.000000 -0.000000 0.016592 0.000000 -0.000000 1.000000 -0.000000 0.000000 0.000000 0.000000 1.000000
1.000000 0.000000 -0.000000 0.572971 0.000000 1.000000 0.000000 0.016592 0.000000 0.000000 1.000000 -0.000000 0.000000 0.000000 0.000000 1.000000
1.000000 0.000000 -0.000000 0.572971 0.000000 1.000000 0.000000 0.016592 0.000000 0.000000 1.000000 -0.000000 0.000000 0.000000 0.000000 1.000000
1.000000 0.000000 -0.000000 0.572971 0.000000 1.000000 0.000000 0.016592 0.000000 0.000000 1.000000 -0.000000 0.000000 0.000000 0.000000 1.000000
1.000000 -0.000000 0.000000 0.572971 0.000000 1.000000 -0.000000 0.016592 0.000000 -0.000000 1.000000 -0.000000 0.000000 0.000000 0.000000 1.000000
1.000000 -0.000000 -0.000000 0.572971 0.000000 1.000000 0.000000 0.016592 0.000000 0.000000 1.000000 -0.000000 0.000000 0.000000 0.000000 1.000000
1.000000 -0.000000 0.000000 0.572971 0.000000 1.000000 -0.000000 0.016592 0.000000 -0.000000 1.000000 -0.000000 0.000000 0.000000 0.000000 1.000000
1.000000 0.000000 0.000000 0.572971 0.000000 1.000000 0.000000 0.016592 0.000000 0.000000 1.000000 -0.000000 0.000000 0.000000 0.000000 1.000000
1.000000 0.000000 0.000000 0.572971 -0.000000 1.000000 0.000000 0.016592 0.000000 -0.000000 1.000000 -0.000000 0.000000 0.000000 0.000000 1.000000
1.000000 0.000000 -0.000000 0.572971 0.000000 1.000000 0.000000 0.016592 -0.000000 -0.000000 1.000000 -0.000000 0.000000 0.000000 0.000000 1.000000
1.000000 -0.000000 0.000000 0.572971 0.000000 1.000000 0.000000 0.016592 0.000000 -0.000000 1.000000 -0.000000 0.000000 0.000000 0.000000 1.000000
1.000000 0.000000 0.000000 0.572971 0.000000 1.000000 0.000000 0.016592 -0.000000 -0.000000 1.000000 -0.000000 0.000000 0.000000 0.000000 1.000000</float_array><technique_common><accessor source="#jnt_left_leg2-Matrix-animation-output-transform-array" count="19" stride="16"><param type="float4x4"/></accessor></technique_common></source><source id="jnt_left_leg2-Interpolations"><Name_array id="jnt_left_leg2-Interpolations-array" count="19">
 LINEAR LINEAR LINEAR LINEAR LINEAR LINEAR LINEAR LINEAR LINEAR LINEAR LINEAR
LINEAR LINEAR LINEAR LINEAR LINEAR LINEAR LINEAR LINEAR</Name_array><technique_common><accessor source="#jnt_left_leg2-Interpolations-array" count="19"><param type="name"/></accessor></technique_common></source><sampler id="jnt_left_leg2-Matrix-animation-transform"><input semantic="INPUT" source="#jnt_left_leg2-Matrix-animation-input"/><input semantic="OUTPUT" source="#jnt_left_leg2-Matrix-animation-output-transform"/><input semantic="INTERPOLATION" source="#jnt_left_leg2-Interpolations"/></sampler><channel source="#jnt_left_leg2-Matrix-animation-transform" target="jnt_left_leg2/matrix"/></animation></animation>
    <animation id="jnt_left_leg3-anim" name="jnt_left_leg3"><animation><source id="jnt_left_leg3-Matrix-animation-input"><float_array id="jnt_left_leg3-Matrix-animation-input-array" count="19">

0.000000 0.033333 0.066667 0.100000 0.133333 0.166667 0.200000 0.233333 0.266667 0.300000 0.333333 0.366667 0.400000 0.433333 0.466667 0.500000
0.533333 0.566667 0.600000</float_array><technique_common><accessor source="#jnt_left_leg3-Matrix-animation-input-array" count="19"><param name="TIME" type="float"/></accessor></technique_common></source><source id="jnt_left_leg3-Matrix-animation-output-transform"><float_array id="jnt_left_leg3-Matrix-animation-output-transform-array" count="304">

0.747630 0.633535 -0.199205 1.109408 -0.630761 0.771249 0.085527 -0.115050 0.207821 0.061709 0.976218 -0.000000 0.000000 0.000000 0.000000 1.000000
0.753966 0.628625 -0.190699 1.109408 -0.626093 0.775523 0.081068 -0.115050 0.198853 0.058273 0.978295 -0.000000 0.000000 0.000000 0.000000 1.000000
0.769962 0.615462 -0.168420 1.109408 -0.613508 0.786603 0.069745 -0.115050 0.175405 0.049626 0.983245 0.000000 0.000000 0.000000 0.000000 1.000000
0.790731 0.596512 -0.137539 1.109408 -0.595226 0.801682 0.054884 -0.115050 0.143001 0.038468 0.988975 -0.000000 0.000000 0.000000 0.000000 1.000000
0.812042 0.574424 -0.103075 1.109408 -0.573712 0.818108 0.039418 -0.115050 0.106969 0.027126 0.993892 0.000000 0.000000 0.000000 0.000000 1.000000
0.831056 0.551852 -0.069318 1.109408 -0.551534 0.833766 0.025389 -0.115050 0.071806 0.017131 0.997271 0.000000 0.000000 0.000000 0.000000 1.000000
0.846328 0.531193 -0.039549 1.109408 -0.531090 0.847201 0.013926 -0.115050 0.040903 0.009218 0.999121 0.000000 0.000000 0.000000 0.000000 1.000000
0.857375 0.514439 -0.016117 1.109408 -0.514422 0.857519 0.005496 -0.115050 0.016648 0.003579 0.999855 0.000000 0.000000 0.000000 0.000000 1.000000
0.864143 0.503246 -0.000788 1.109408 -0.503246 0.864143 0.000263 -0.115050 0.000813 0.000169 1.000000 0.000000 0.000000 0.000000 0.000000 1.000000
0.866502 0.499151 0.004759 1.109408 -0.499149 0.866515 -0.001576 -0.115050 -0.004911 -0.001010 0.999987 0.000000 0.000000 0.000000 0.000000 1.000000
0.864143 0.503246 -0.000788 1.109408 -0.503246 0.864143 0.000263 -0.115050 0.000813 0.000169 1.000000 0.000000 0.000000 0.000000 0.000000 1.000000
0.857375 0.514439 -0.016117 1.109408 -0.514422 0.857519 0.005496 -0.115050 0.016648 0.003579 0.999855 0.000000 0.000000 0.000000 0.000000 1.000000
0.846328 0.531193 -0.039549 1.109408 -0.531090 0.847201 0.013926 -0.115050 0.040903 0.009218 0.999121 -0.000000 0.000000 0.000000 0.000000 1.000000
0.831056 0.551852 -0.069318 1.109408 -0.551534 0.833766 0.025389 -0.115050 0.071806 0.017131 0.997271 -0.000000 0.000000 0.000000 0.000000 1.000000
0.812042 0.574424 -0.103075 1.109408 -0.573712 0.818108 0.039418 -0.115050 0.106969 0.027126 0.993892 -0.000000 0.000000 0.000000 0.000000 1.000000
0.790731 0.596512 -0.137539 1.109408 -0.595226 0.801682 0.054884 -0.115050 0.143001 0.038468 0.988975 0.000000 0.000000 0.000000 0.000000 1.000000
0.769962 0.615462 -0.168420 1.109408 -0.613508 0.786603 0.069745 -0.115050 0.175405 0.049626 0.983245 0.000000 0.000000 0.000000 0.000000 1.000000
0.753966 0.628624 -0.190699 1.109408 -0.626093 0.775523 0.081068 -0.115050 0.198853 0.058273 0.978295 -0.000000 0.000000 0.000000 0.000000 1.000000
0.747630 0.633535 -0.199205 1.109408 -0.630761 0.771249 0.085527 -0.115050 0.207821 0.061709 0.976218 -0.000000 0.000000 0.000000 0.000000 1.000000</float_array><technique_common><accessor source="#jnt_left_leg3-Matrix-animation-output-transform-array" count="19" stride="16"><param type="float4x4"/></accessor></technique_common></source><source id="jnt_left_leg3-Interpolations"><Name_array id="jnt_left_leg3-Interpolations-array" count="19">
 LINEAR LINEAR LINEAR LINEAR LINEAR LINEAR LINEAR LINEAR LINEAR LINEAR LINEAR
LINEAR LINEAR LINEAR LINEAR LINEAR LINEAR LINEAR LINEAR</Name_array><technique_common><accessor source="#jnt_left_leg3-Interpolations-array" count="19"><param type="name"/></accessor></technique_common></source><sampler id="jnt_left_leg3-Matrix-animation-transform"><input semantic="INPUT" source="#jnt_left_leg3-Matrix-animation-input"/><input semantic="OUTPUT" source="#jnt_left_leg3-Matrix-animation-output-transform"/><input semantic="INTERPOLATION" source="#jnt_left_leg3-Interpolations"/></sampler><channel source="#jnt_left_leg3-Matrix-animation-transform" target="jnt_left_leg3/matrix"/></animation></animation>
    <animation id="jnt_left_truster1-anim" name="jnt_left_truster1"><animation><source id="jnt_left_truster1-Matrix-animation-input"><float_array id="jnt_left_truster1-Matrix-animation-input-array" count="19">

0.000000 0.033333 0.066667 0.100000 0.133333 0.166667 0.200000 0.233333 0.266667 0.300000 0.333333 0.366667 0.400000 0.433333 0.466667 0.500000
0.533333 0.566667 0.600000</float_array><technique_common><accessor source="#jnt_left_truster1-Matrix-animation-input-array" count="19"><param name="TIME" type="float"/></accessor></technique_common></source><source id="jnt_left_truster1-Matrix-animation-output-transform"><float_array id="jnt_left_truster1-Matrix-animation-output-transform-array" count="304">

0.707107 -0.707107 0.000000 0.942482 0.707107 0.707107 -0.000000 0.339466 0.000000 0.000000 1.000000 0.000187 0.000000 0.000000 0.000000 1.000000
0.715060 -0.699063 -0.000000 0.942482 0.699063 0.715060 0.000000 0.339466 0.000000 0.000000 1.000000 0.000187 0.000000 0.000000 0.000000 1.000000
0.735922 -0.677066 -0.000000 0.942482 0.677066 0.735922 -0.000000 0.339466 0.000000 -0.000000 1.000000 0.000187 0.000000 0.000000 0.000000 1.000000
0.764921 -0.644124 0.000000 0.942482 0.644124 0.764921 0.000000 0.339466 0.000000 0.000000 1.000000 0.000187 0.000000 0.000000 0.000000 1.000000
0.797389 -0.603466 0.000000 0.942482 0.603466 0.797389 0.000000 0.339466 0.000000 0.000000 1.000000 0.000187 0.000000 0.000000 0.000000 1.000000
0.829218 -0.558925 0.000000 0.942482 0.558925 0.829218 0.000000 0.339466 -0.000000 0.000000 1.000000 0.000187 0.000000 0.000000 0.000000 1.000000
0.857167 -0.515038 0.000000 0.942482 0.515038 0.857167 -0.000000 0.339466 0.000000 0.000000 1.000000 0.000187 0.000000 0.000000 0.000000 1.000000
0.878940 -0.476932 0.000000 0.942482 0.476932 0.878940 0.000000 0.339466 0.000000 0.000000 1.000000 0.000187 0.000000 0.000000 0.000000 1.000000
0.892994 -0.450070 -0.000000 0.942482 0.450070 0.892994 0.000000 0.339466 0.000000 -0.000000 1.000000 0.000187 0.000000 0.000000 0.000000 1.000000
0.898028 -0.439939 -0.000000 0.942482 0.439939 0.898028 0.000000 0.339466 -0.000000 0.000000 1.000000 0.000187 0.000000 0.000000 0.000000 1.000000
0.892994 -0.450070 -0.000000 0.942482 0.450070 0.892994 0.000000 0.339466 0.000000 -0.000000 1.000000 0.000187 0.000000 0.000000 0.000000 1.000000
0.878940 -0.476932 -0.000000 0.942482 0.476932 0.878940 0.000000 0.339466 -0.000000 0.000000 1.000000 0.000187 0.000000 0.000000 0.000000 1.000000
0.857167 -0.515038 0.000000 0.942482 0.515038 0.857167 0.000000 0.339466 0.000000 0.000000 1.000000 0.000187 0.000000 0.000000 0.000000 1.000000
0.829218 -0.558925 0.000000 0.942482 0.558925 0.829218 0.000000 0.339466 0.000000 -0.000000 1.000000 0.000187 0.000000 0.000000 0.000000 1.000000
0.797389 -0.603466 -0.000000 0.942482 0.603466 0.797389 -0.000000 0.339466 0.000000 0.000000 1.000000 0.000187 0.000000 0.000000 0.000000 1.000000
0.764921 -0.644124 0.000000 0.942482 0.644124 0.764921 0.000000 0.339466 0.000000 0.000000 1.000000 0.000187 0.000000 0.000000 0.000000 1.000000
0.735922 -0.677066 -0.000000 0.942482 0.677066 0.735922 -0.000000 0.339466 0.000000 0.000000 1.000000 0.000187 0.000000 0.000000 0.000000 1.000000
0.715060 -0.699063 -0.000000 0.942482 0.699063 0.715060 0.000000 0.339466 -0.000000 0.000000 1.000000 0.000187 0.000000 0.000000 0.000000 1.000000
0.707107 -0.707107 0.000000 0.942482 0.707107 0.707107 -0.000000 0.339466 0.000000 0.000000 1.000000 0.000187 0.000000 0.000000 0.000000 1.000000</float_array><technique_common><accessor source="#jnt_left_truster1-Matrix-animation-output-transform-array" count="19" stride="16"><param type="float4x4"/></accessor></technique_common></source><source id="jnt_left_truster1-Interpolations"><Name_array id="jnt_left_truster1-Interpolations-array" count="19">
 LINEAR LINEAR LINEAR LINEAR LINEAR LINEAR LINEAR LINEAR LINEAR LINEAR LINEAR
LINEAR LINEAR LINEAR LINEAR LINEAR LINEAR LINEAR LINEAR</Name_array><technique_common><accessor source="#jnt_left_truster1-Interpolations-array" count="19"><param type="name"/></accessor></technique_common></source><sampler id="jnt_left_truster1-Matrix-animation-transform"><input semantic="INPUT" source="#jnt_left_truster1-Matrix-animation-input"/><input semantic="OUTPUT" source="#jnt_left_truster1-Matrix-animation-output-transform"/><input semantic="INTERPOLATION" source="#jnt_left_truster1-Interpolations"/></sampler><channel source="#jnt_left_truster1-Matrix-animation-transform" target="jnt_left_truster1/matrix"/></animation></animation>
    <animation id="jnt_left_truster2-anim" name="jnt_left_truster2"><animation><source id="jnt_left_truster2-Matrix-animation-input"><float_array id="jnt_left_truster2-Matrix-animation-input-array" count="19">

0.000000 0.033333 0.066667 0.100000 0.133333 0.166667 0.200000 0.233333 0.266667 0.300000 0.333333 0.366667 0.400000 0.433333 0.466667 0.500000
0.533333 0.566667 0.600000</float_array><technique_common><accessor source="#jnt_left_truster2-Matrix-animation-input-array" count="19"><param name="TIME" type="float"/></accessor></technique_common></source><source id="jnt_left_truster2-Matrix-animation-output-transform"><float_array id="jnt_left_truster2-Matrix-animation-output-transform-array" count="304">

0.707107 -0.000000 -0.707107 0.942482 -0.000000 1.000000 -0.000000 -0.000000 0.707107 -0.000000 0.707107 0.288533 0.000000 0.000000 0.000000 1.000000
0.715060 0.000000 -0.699063 0.942482 -0.000000 1.000000 -0.000000 -0.000000 0.699063 0.000000 0.715060 0.288533 0.000000 0.000000 0.000000 1.000000
0.735922 -0.000000 -0.677066 0.942482 -0.000000 1.000000 0.000000 -0.000000 0.677066 -0.000000 0.735922 0.288533 0.000000 0.000000 0.000000 1.000000
0.764921 0.000000 -0.644124 0.942482 0.000000 1.000000 0.000000 -0.000000 0.644124 -0.000000 0.764921 0.288533 0.000000 0.000000 0.000000 1.000000
0.797389 -0.000000 -0.603466 0.942482 0.000000 1.000000 0.000000 -0.000000 0.603466 0.000000 0.797389 0.288533 0.000000 0.000000 0.000000 1.000000
0.829218 -0.000000 -0.558925 0.942482 0.000000 1.000000 0.000000 -0.000000 0.558925 0.000000 0.829218 0.288533 0.000000 0.000000 0.000000 1.000000
0.857167 0.000000 -0.515038 0.942482 0.000000 1.000000 0.000000 -0.000000 0.515038 0.000000 0.857167 0.288533 0.000000 0.000000 0.000000 1.000000
0.878940 -0.000000 -0.476932 0.942482 -0.000000 1.000000 0.000000 -0.000000 0.476932 0.000000 0.878940 0.288533 0.000000 0.000000 0.000000 1.000000
0.892994 -0.000000 -0.450070 0.942482 -0.000000 1.000000 0.000000 -0.000000 0.450070 0.000000 0.892994 0.288533 0.000000 0.000000 0.000000 1.000000
0.898028 0.000000 -0.439939 0.942482 0.000000 1.000000 0.000000 -0.000000 0.439939 -0.000000 0.898028 0.288533 0.000000 0.000000 0.000000 1.000000
0.892994 -0.000000 -0.450070 0.942482 -0.000000 1.000000 0.000000 -0.000000 0.450070 0.000000 0.892994 0.288533 0.000000 0.000000 0.000000 1.000000
0.878940 -0.000000 -0.476932 0.942482 0.000000 1.000000 -0.000000 -0.000000 0.476932 0.000000 0.878940 0.288533 0.000000 0.000000 0.000000 1.000000
0.857167 0.000000 -0.515038 0.942482 -0.000000 1.000000 0.000000 -0.000000 0.515038 0.000000 0.857167 0.288533 0.000000 0.000000 0.000000 1.000000
0.829218 -0.000000 -0.558925 0.942482 0.000000 1.000000 -0.000000 -0.000000 0.558925 0.000000 0.829218 0.288533 0.000000 0.000000 0.000000 1.000000
0.797389 -0.000000 -0.603466 0.942482 -0.000000 1.000000 -0.000000 -0.000000 0.603466 0.000000 0.797389 0.288533 0.000000 0.000000 0.000000 1.000000
0.764921 0.000000 -0.644124 0.942482 0.000000 1.000000 0.000000 -0.000000 0.644124 0.000000 0.764921 0.288533 0.000000 0.000000 0.000000 1.000000
0.735922 0.000000 -0.677066 0.942482 0.000000 1.000000 -0.000000 -0.000000 0.677066 0.000000 0.735922 0.288533 0.000000 0.000000 0.000000 1.000000
0.715060 0.000000 -0.699063 0.942482 0.000000 1.000000 0.000000 -0.000000 0.699063 0.000000 0.715060 0.288533 0.000000 0.000000 0.000000 1.000000
0.707107 -0.000000 -0.707107 0.942482 -0.000000 1.000000 -0.000000 -0.000000 0.707107 -0.000000 0.707107 0.288533 0.000000 0.000000 0.000000 1.000000</float_array><technique_common><accessor source="#jnt_left_truster2-Matrix-animation-output-transform-array" count="19" stride="16"><param type="float4x4"/></accessor></technique_common></source><source id="jnt_left_truster2-Interpolations"><Name_array id="jnt_left_truster2-Interpolations-array" count="19">
 LINEAR LINEAR LINEAR LINEAR LINEAR LINEAR LINEAR LINEAR LINEAR LINEAR LINEAR
LINEAR LINEAR LINEAR LINEAR LINEAR LINEAR LINEAR LINEAR</Name_array><technique_common><accessor source="#jnt_left_truster2-Interpolations-array" count="19"><param type="name"/></accessor></technique_common></source><sampler id="jnt_left_truster2-Matrix-animation-transform"><input semantic="INPUT" source="#jnt_left_truster2-Matrix-animation-input"/><input semantic="OUTPUT" source="#jnt_left_truster2-Matrix-animation-output-transform"/><input semantic="INTERPOLATION" source="#jnt_left_truster2-Interpolations"/></sampler><channel source="#jnt_left_truster2-Matrix-animation-transform" target="jnt_left_truster2/matrix"/></animation></animation>
    <animation id="jnt_left_truster3-anim" name="jnt_left_truster3"><animation><source id="jnt_left_truster3-Matrix-animation-input"><float_array id="jnt_left_truster3-Matrix-animation-input-array" count="19">

0.000000 0.033333 0.066667 0.100000 0.133333 0.166667 0.200000 0.233333 0.266667 0.300000 0.333333 0.366667 0.400000 0.433333 0.466667 0.500000
0.533333 0.566667 0.600000</float_array><technique_common><accessor source="#jnt_left_truster3-Matrix-animation-input-array" count="19"><param name="TIME" type="float"/></accessor></technique_common></source><source id="jnt_left_truster3-Matrix-animation-output-transform"><float_array id="jnt_left_truster3-Matrix-animation-output-transform-array" count="304">

0.707107 -0.000000 0.707107 0.942482 0.000000 1.000000 -0.000000 -0.000000 -0.707107 -0.000000 0.707107 -0.288158 0.000000 0.000000 0.000000 1.000000
0.715060 0.000000 0.699063 0.942482 -0.000000 1.000000 -0.000000 -0.000000 -0.699063 0.000000 0.715060 -0.288158 0.000000 0.000000 0.000000 1.000000
0.735922 0.000000 0.677066 0.942482 0.000000 1.000000 -0.000000 -0.000000 -0.677066 0.000000 0.735922 -0.288158 0.000000 0.000000 0.000000 1.000000
0.764921 -0.000000 0.644124 0.942482 -0.000000 1.000000 0.000000 -0.000000 -0.644124 -0.000000 0.764921 -0.288158 0.000000 0.000000 0.000000 1.000000
0.797389 -0.000000 0.603466 0.942482 0.000000 1.000000 0.000000 -0.000000 -0.603466 0.000000 0.797389 -0.288158 0.000000 0.000000 0.000000 1.000000
0.829218 -0.000000 0.558925 0.942482 0.000000 1.000000 0.000000 -0.000000 -0.558925 -0.000000 0.829218 -0.288158 0.000000 0.000000 0.000000 1.000000
0.857167 -0.000000 0.515038 0.942482 0.000000 1.000000 0.000000 -0.000000 -0.515038 0.000000 0.857167 -0.288158 0.000000 0.000000 0.000000 1.000000
0.878940 -0.000000 0.476932 0.942482 -0.000000 1.000000 0.000000 -0.000000 -0.476932 0.000000 0.878940 -0.288158 0.000000 0.000000 0.000000 1.000000
0.892994 -0.000000 0.450070 0.942482 -0.000000 1.000000 -0.000000 -0.000000 -0.450070 -0.000000 0.892994 -0.288158 0.000000 0.000000 0.000000 1.000000
0.898028 0.000000 0.439939 0.942482 0.000000 1.000000 0.000000 -0.000000 -0.439939 -0.000000 0.898028 -0.288158 0.000000 0.000000 0.000000 1.000000
0.892994 -0.000000 0.450070 0.942482 -0.000000 1.000000 -0.000000 -0.000000 -0.450070 -0.000000 0.892994 -0.288158 0.000000 0.000000 0.000000 1.000000
0.878940 -0.000000 0.476932 0.942482 0.000000 1.000000 -0.000000 -0.000000 -0.476932 0.000000 0.878940 -0.288158 0.000000 0.000000 0.000000 1.000000
0.857167 0.000000 0.515038 0.942482 -0.000000 1.000000 -0.000000 -0.000000 -0.515038 -0.000000 0.857167 -0.288158 0.000000 0.000000 0.000000 1.000000
0.829218 -0.000000 0.558925 0.942482 0.000000 1.000000 0.000000 -0.000000 -0.558925 -0.000000 0.829218 -0.288158 0.000000 0.000000 0.000000 1.000000
0.797389 0.000000 0.603466 0.942482 0.000000 1.000000 -0.000000 -0.000000 -0.603466 0.000000 0.797389 -0.288158 0.000000 0.000000 0.000000 1.000000
0.764921 -0.000000 0.644124 0.942482 0.000000 1.000000 0.000000 -0.000000 -0.644124 0.000000 0.764921 -0.288158 0.000000 0.000000 0.000000 1.000000
0.735922 0.000000 0.677066 0.942482 0.000000 1.000000 0.000000 -0.000000 -0.677066 0.000000 0.735922 -0.288158 0.000000 0.000000 0.000000 1.000000
0.715060 -0.000000 0.699063 0.942482 -0.000000 1.000000 0.000000 -0.000000 -0.699063 0.000000 0.715060 -0.288158 0.000000 0.000000 0.000000 1.000000
