<?xml version="1.0" encoding="utf-8"?>
<COLLADA xmlns="http://www.collada.org/2005/11/COLLADASchema" version="1.4.1">
  <asset><contributor><author></author><authoring_tool>FBX COLLADA exporter</authoring_tool><comments></comments></contributor><created>2018-12-11T13:51:09Z</created><keywords></keywords><modified>2018-12-11T13:51:09Z</modified><revision></revision><subject></subject><title></title><unit meter="0.010000" name="centimeter"></unit><up_axis>Y_UP</up_axis></asset>
  <library_animations>
    <animation id="root_jnt-anim" name="root_jnt"><animation><source id="root_jnt-Matrix-animation-input"><float_array id="root_jnt-Matrix-animation-input-array" count="31">

0.000000 0.033333 0.066667 0.100000 0.133333 0.166667 0.200000 0.233333 0.266667 0.300000 0.333333 0.366667 0.400000 0.433333 0.466667 0.500000
0.533333 0.566667 0.600000 0.633333 0.666667 0.700000 0.733333 0.766667 0.800000 0.833333 0.866667 0.900000 0.933333 0.966667 1.000000</float_array><technique_common><accessor source="#root_jnt-Matrix-animation-input-array" count="31"><param name="TIME" type="float"/></accessor></technique_common></source><source id="root_jnt-Matrix-animation-output-transform"><float_array id="root_jnt-Matrix-animation-output-transform-array" count="496">

1.000000 0.000000 0.000000 0.000000 0.000000 1.000000 0.000000 0.000000 0.000000 0.000000 1.000000 0.000000 0.000000 0.000000 0.000000 1.000000
1.000000 0.000000 0.000000 0.000000 0.000000 1.000000 0.000000 0.000000 0.000000 0.000000 1.000000 0.000000 0.000000 0.000000 0.000000 1.000000
1.000000 0.000000 0.000000 0.000000 0.000000 1.000000 0.000000 0.000000 0.000000 0.000000 1.000000 0.000000 0.000000 0.000000 0.000000 1.000000
1.000000 0.000000 0.000000 0.000000 0.000000 1.000000 0.000000 0.000000 0.000000 0.000000 1.000000 0.000000 0.000000 0.000000 0.000000 1.000000
1.000000 0.000000 0.000000 0.000000 0.000000 1.000000 0.000000 0.000000 0.000000 0.000000 1.000000 0.000000 0.000000 0.000000 0.000000 1.000000
1.000000 0.000000 0.000000 0.000000 0.000000 1.000000 0.000000 0.000000 0.000000 0.000000 1.000000 0.000000 0.000000 0.000000 0.000000 1.000000
1.000000 0.000000 0.000000 0.000000 0.000000 1.000000 0.000000 0.000000 0.000000 0.000000 1.000000 0.000000 0.000000 0.000000 0.000000 1.000000
1.000000 0.000000 0.000000 0.000000 0.000000 1.000000 0.000000 0.000000 0.000000 0.000000 1.000000 0.000000 0.000000 0.000000 0.000000 1.000000
1.000000 0.000000 0.000000 0.000000 0.000000 1.000000 0.000000 0.000000 0.000000 0.000000 1.000000 0.000000 0.000000 0.000000 0.000000 1.000000
1.000000 0.000000 0.000000 0.000000 0.000000 1.000000 0.000000 0.000000 0.000000 0.000000 1.000000 0.000000 0.000000 0.000000 0.000000 1.000000
1.000000 0.000000 0.000000 0.000000 0.000000 1.000000 0.000000 0.000000 0.000000 0.000000 1.000000 0.000000 0.000000 0.000000 0.000000 1.000000
1.000000 0.000000 0.000000 0.000000 0.000000 1.000000 0.000000 0.000000 0.000000 0.000000 1.000000 0.000000 0.000000 0.000000 0.000000 1.000000
1.000000 0.000000 0.000000 0.000000 0.000000 1.000000 0.000000 0.000000 0.000000 0.000000 1.000000 0.000000 0.000000 0.000000 0.000000 1.000000
1.000000 0.000000 0.000000 0.000000 0.000000 1.000000 0.000000 0.000000 0.000000 0.000000 1.000000 0.000000 0.000000 0.000000 0.000000 1.000000
1.000000 0.000000 0.000000 0.000000 0.000000 1.000000 0.000000 0.000000 0.000000 0.000000 1.000000 0.000000 0.000000 0.000000 0.000000 1.000000
1.000000 0.000000 0.000000 0.000000 0.000000 1.000000 0.000000 0.000000 0.000000 0.000000 1.000000 0.000000 0.000000 0.000000 0.000000 1.000000
1.000000 0.000000 0.000000 0.000000 0.000000 1.000000 0.000000 0.000000 0.000000 0.000000 1.000000 0.000000 0.000000 0.000000 0.000000 1.000000
1.000000 0.000000 0.000000 0.000000 0.000000 1.000000 0.000000 0.000000 0.000000 0.000000 1.000000 0.000000 0.000000 0.000000 0.000000 1.000000
1.000000 0.000000 0.000000 0.000000 0.000000 1.000000 0.000000 0.000000 0.000000 0.000000 1.000000 0.000000 0.000000 0.000000 0.000000 1.000000
1.000000 0.000000 0.000000 0.000000 0.000000 1.000000 0.000000 0.000000 0.000000 0.000000 1.000000 0.000000 0.000000 0.000000 0.000000 1.000000
1.000000 0.000000 0.000000 0.000000 0.000000 1.000000 0.000000 0.000000 0.000000 0.000000 1.000000 0.000000 0.000000 0.000000 0.000000 1.000000
1.000000 0.000000 0.000000 0.000000 0.000000 1.000000 0.000000 0.000000 0.000000 0.000000 1.000000 0.000000 0.000000 0.000000 0.000000 1.000000
1.000000 0.000000 0.000000 0.000000 0.000000 1.000000 0.000000 0.000000 0.000000 0.000000 1.000000 0.000000 0.000000 0.000000 0.000000 1.000000
1.000000 0.000000 0.000000 0.000000 0.000000 1.000000 0.000000 0.000000 0.000000 0.000000 1.000000 0.000000 0.000000 0.000000 0.000000 1.000000
1.000000 0.000000 0.000000 0.000000 0.000000 1.000000 0.000000 0.000000 0.000000 0.000000 1.000000 0.000000 0.000000 0.000000 0.000000 1.000000
1.000000 0.000000 0.000000 0.000000 0.000000 1.000000 0.000000 0.000000 0.000000 0.000000 1.000000 0.000000 0.000000 0.000000 0.000000 1.000000
1.000000 0.000000 0.000000 0.000000 0.000000 1.000000 0.000000 0.000000 0.000000 0.000000 1.000000 0.000000 0.000000 0.000000 0.000000 1.000000
1.000000 0.000000 0.000000 0.000000 0.000000 1.000000 0.000000 0.000000 0.000000 0.000000 1.000000 0.000000 0.000000 0.000000 0.000000 1.000000
1.000000 0.000000 0.000000 0.000000 0.000000 1.000000 0.000000 0.000000 0.000000 0.000000 1.000000 0.000000 0.000000 0.000000 0.000000 1.000000
1.000000 0.000000 0.000000 0.000000 0.000000 1.000000 0.000000 0.000000 0.000000 0.000000 1.000000 0.000000 0.000000 0.000000 0.000000 1.000000
1.000000 0.000000 0.000000 0.000000 0.000000 1.000000 0.000000 0.000000 0.000000 0.000000 1.000000 0.000000 0.000000 0.000000 0.000000 1.000000</float_array><technique_common><accessor source="#root_jnt-Matrix-animation-output-transform-array" count="31" stride="16"><param type="float4x4"/></accessor></technique_common></source><source id="root_jnt-Interpolations"><Name_array id="root_jnt-Interpolations-array" count="31">
 LINEAR LINEAR LINEAR LINEAR LINEAR LINEAR LINEAR LINEAR LINEAR LINEAR LINEAR
LINEAR LINEAR LINEAR LINEAR LINEAR LINEAR LINEAR LINEAR LINEAR LINEAR LINEAR LINEAR
LINEAR LINEAR LINEAR LINEAR LINEAR LINEAR LINEAR LINEAR</Name_array><technique_common><accessor source="#root_jnt-Interpolations-array" count="31"><param type="name"/></accessor></technique_common></source><sampler id="root_jnt-Matrix-animation-transform"><input semantic="INPUT" source="#root_jnt-Matrix-animation-input"/><input semantic="OUTPUT" source="#root_jnt-Matrix-animation-output-transform"/><input semantic="INTERPOLATION" source="#root_jnt-Interpolations"/></sampler><channel source="#root_jnt-Matrix-animation-transform" target="root_jnt/matrix"/></animation></animation>
    <animation id="body_jnt-anim" name="body_jnt"><animation><source id="body_jnt-Matrix-animation-input"><float_array id="body_jnt-Matrix-animation-input-array" count="31">

0.000000 0.033333 0.066667 0.100000 0.133333 0.166667 0.200000 0.233333 0.266667 0.300000 0.333333 0.366667 0.400000 0.433333 0.466667 0.500000
0.533333 0.566667 0.600000 0.633333 0.666667 0.700000 0.733333 0.766667 0.800000 0.833333 0.866667 0.900000 0.933333 0.966667 1.000000</float_array><technique_common><accessor source="#body_jnt-Matrix-animation-input-array" count="31"><param name="TIME" type="float"/></accessor></technique_common></source><source id="body_jnt-Matrix-animation-output-transform"><float_array id="body_jnt-Matrix-animation-output-transform-array" count="496">

1.000000 0.000000 0.000000 0.000000 0.000000 1.000000 0.000000 0.402044 0.000000 0.000000 1.000000 -0.650000 0.000000 0.000000 0.000000 1.000000
0.978148 0.000000 0.207912 0.000000 0.000000 1.000000 0.000000 0.402044 -0.207912 0.000000 0.978148 -0.650000 0.000000 0.000000 0.000000 1.000000
0.913545 0.000000 0.406737 0.000000 0.000000 1.000000 0.000000 0.402044 -0.406737 0.000000 0.913545 -0.650000 0.000000 0.000000 0.000000 1.000000
0.809017 0.000000 0.587785 0.000000 0.000000 1.000000 0.000000 0.402044 -0.587785 0.000000 0.809017 -0.650000 0.000000 0.000000 0.000000 1.000000
0.669131 0.000000 0.743145 0.000000 0.000000 1.000000 0.000000 0.402044 -0.743145 0.000000 0.669131 -0.650000 0.000000 0.000000 0.000000 1.000000
0.500000 0.000000 0.866025 0.000000 0.000000 1.000000 0.000000 0.402044 -0.866025 0.000000 0.500000 -0.650000 0.000000 0.000000 0.000000 1.000000
0.309017 0.000000 0.951057 0.000000 0.000000 1.000000 0.000000 0.402044 -0.951057 0.000000 0.309017 -0.650000 0.000000 0.000000 0.000000 1.000000
0.104528 0.000000 0.994522 0.000000 0.000000 1.000000 0.000000 0.402044 -0.994522 0.000000 0.104528 -0.650000 0.000000 0.000000 0.000000 1.000000
-0.104528 0.000000 0.994522 0.000000 0.000000 1.000000 0.000000 0.402044 -0.994522 0.000000 -0.104528 -0.650000 0.000000 0.000000 0.000000 1.000000
-0.309017 0.000000 0.951056 0.000000 0.000000 1.000000 0.000000 0.402044 -0.951056 0.000000 -0.309017 -0.650000 0.000000 0.000000 0.000000 1.000000
-0.500000 0.000000 0.866025 0.000000 0.000000 1.000000 0.000000 0.402044 -0.866025 0.000000 -0.500000 -0.650000 0.000000 0.000000 0.000000 1.000000
-0.669131 0.000000 0.743145 0.000000 0.000000 1.000000 0.000000 0.402044 -0.743145 0.000000 -0.669131 -0.650000 0.000000 0.000000 0.000000 1.000000
-0.809017 0.000000 0.587785 0.000000 0.000000 1.000000 0.000000 0.402044 -0.587785 0.000000 -0.809017 -0.650000 0.000000 0.000000 0.000000 1.000000
-0.913545 0.000000 0.406737 0.000000 0.000000 1.000000 0.000000 0.402044 -0.406737 0.000000 -0.913545 -0.650000 0.000000 0.000000 0.000000 1.000000
-0.978148 0.000000 0.207912 0.000000 0.000000 1.000000 0.000000 0.402044 -0.207912 0.000000 -0.978148 -0.650000 0.000000 0.000000 0.000000 1.000000
-1.000000 0.000000 0.000000 0.000000 0.000000 1.000000 0.000000 0.402044 -0.000000 0.000000 -1.000000 -0.650000 0.000000 0.000000 0.000000 1.000000
-0.978148 0.000000 -0.207912 0.000000 0.000000 1.000000 0.000000 0.402044 0.207912 0.000000 -0.978148 -0.650000 0.000000 0.000000 0.000000 1.000000
-0.913545 0.000000 -0.406737 0.000000 0.000000 1.000000 0.000000 0.402044 0.406737 0.000000 -0.913545 -0.650000 0.000000 0.000000 0.000000 1.000000
-0.809017 0.000000 -0.587785 0.000000 0.000000 1.000000 0.000000 0.402044 0.587785 0.000000 -0.809017 -0.650000 0.000000 0.000000 0.000000 1.000000
-0.669130 0.000000 -0.743145 0.000000 0.000000 1.000000 0.000000 0.402044 0.743145 0.000000 -0.669130 -0.650000 0.000000 0.000000 0.000000 1.000000
-0.500000 0.000000 -0.866026 0.000000 0.000000 1.000000 0.000000 0.402044 0.866026 0.000000 -0.500000 -0.650000 0.000000 0.000000 0.000000 1.000000
-0.309017 0.000000 -0.951057 0.000000 0.000000 1.000000 0.000000 0.402044 0.951057 0.000000 -0.309017 -0.650000 0.000000 0.000000 0.000000 1.000000
-0.104528 0.000000 -0.994522 0.000000 0.000000 1.000000 0.000000 0.402044 0.994522 0.000000 -0.104528 -0.650000 0.000000 0.000000 0.000000 1.000000
0.104528 0.000000 -0.994522 0.000000 0.000000 1.000000 0.000000 0.402044 0.994522 0.000000 0.104528 -0.650000 0.000000 0.000000 0.000000 1.000000
0.309017 0.000000 -0.951057 0.000000 0.000000 1.000000 0.000000 0.402044 0.951057 0.000000 0.309017 -0.650000 0.000000 0.000000 0.000000 1.000000
0.500000 0.000000 -0.866025 0.000000 0.000000 1.000000 0.000000 0.402044 0.866025 0.000000 0.500000 -0.650000 0.000000 0.000000 0.000000 1.000000
0.669131 0.000000 -0.743145 0.000000 0.000000 1.000000 0.000000 0.402044 0.743145 0.000000 0.669131 -0.650000 0.000000 0.000000 0.000000 1.000000
0.809017 0.000000 -0.587785 0.000000 0.000000 1.000000 0.000000 0.402044 0.587785 0.000000 0.809017 -0.650000 0.000000 0.000000 0.000000 1.000000
0.913545 0.000000 -0.406737 0.000000 0.000000 1.000000 0.000000 0.402044 0.406737 0.000000 0.913545 -0.650000 0.000000 0.000000 0.000000 1.000000
0.978148 0.000000 -0.207912 0.000000 0.000000 1.000000 0.000000 0.402044 0.207912 0.000000 0.978148 -0.650000 0.000000 0.000000 0.000000 1.000000
1.000000 0.000000 -0.000000 0.000000 0.000000 1.000000 0.000000 0.402044 0.000000 0.000000 1.000000 -0.650000 0.000000 0.000000 0.000000 1.000000</float_array><technique_common><accessor source="#body_jnt-Matrix-animation-output-transform-array" count="31" stride="16"><param type="float4x4"/></accessor></technique_common></source><source id="body_jnt-Interpolations"><Name_array id="body_jnt-Interpolations-array" count="31">
 LINEAR LINEAR LINEAR LINEAR LINEAR LINEAR LINEAR LINEAR LINEAR LINEAR LINEAR
LINEAR LINEAR LINEAR LINEAR LINEAR LINEAR LINEAR LINEAR LINEAR LINEAR LINEAR LINEAR
LINEAR LINEAR LINEAR LINEAR LINEAR LINEAR LINEAR LINEAR</Name_array><technique_common><accessor source="#body_jnt-Interpolations-array" count="31"><param type="name"/></accessor></technique_common></source><sampler id="body_jnt-Matrix-animation-transform"><input semantic="INPUT" source="#body_jnt-Matrix-animation-input"/><input semantic="OUTPUT" source="#body_jnt-Matrix-animation-output-transform"/><input semantic="INTERPOLATION" source="#body_jnt-Interpolations"/></sampler><channel source="#body_jnt-Matrix-animation-transform" target="body_jnt/matrix"/></animation></animation>
    <animation id="neck_jnt-anim" name="neck_jnt"><animation><source id="neck_jnt-Matrix-animation-input"><float_array id="neck_jnt-Matrix-animation-input-array" count="31">

0.000000 0.033333 0.066667 0.100000 0.133333 0.166667 0.200000 0.233333 0.266667 0.300000 0.333333 0.366667 0.400000 0.433333 0.466667 0.500000
0.533333 0.566667 0.600000 0.633333 0.666667 0.700000 0.733333 0.766667 0.800000 0.833333 0.866667 0.900000 0.933333 0.966667 1.000000</float_array><technique_common><accessor source="#neck_jnt-Matrix-animation-input-array" count="31"><param name="TIME" type="float"/></accessor></technique_common></source><source id="neck_jnt-Matrix-animation-output-transform"><float_array id="neck_jnt-Matrix-animation-output-transform-array" count="496">

0.000000 0.000000 -1.000000 0.000000 0.000000 1.000000 0.000000 2.354521 1.000000 0.000000 0.000000 2.063336 0.000000 0.000000 0.000000 1.000000
0.000000 0.000000 -1.000000 -0.000000 0.000000 1.000000 0.000000 2.354521 1.000000 0.000000 0.000000 2.063336 0.000000 0.000000 0.000000 1.000000
0.000000 0.000000 -1.000000 0.000000 0.000000 1.000000 0.000000 2.354521 1.000000 0.000000 0.000000 2.063336 0.000000 0.000000 0.000000 1.000000
0.000000 0.000000 -1.000000 0.000000 0.000000 1.000000 0.000000 2.354521 1.000000 0.000000 0.000000 2.063336 0.000000 0.000000 0.000000 1.000000
0.000000 0.000000 -1.000000 -0.000000 0.000000 1.000000 0.000000 2.354521 1.000000 0.000000 0.000000 2.063336 0.000000 0.000000 0.000000 1.000000
0.000000 0.000000 -1.000000 0.000000 0.000000 1.000000 0.000000 2.354521 1.000000 0.000000 0.000000 2.063336 0.000000 0.000000 0.000000 1.000000
0.000000 0.000000 -1.000000 0.000000 0.000000 1.000000 0.000000 2.354521 1.000000 0.000000 0.000000 2.063336 0.000000 0.000000 0.000000 1.000000
0.000000 0.000000 -1.000000 0.000000 0.000000 1.000000 0.000000 2.354521 1.000000 0.000000 0.000000 2.063336 0.000000 0.000000 0.000000 1.000000
0.000000 0.000000 -1.000000 0.000000 0.000000 1.000000 -0.000000 2.354521 1.000000 0.000000 0.000000 2.063336 0.000000 0.000000 0.000000 1.000000
0.000000 0.000000 -1.000000 -0.000000 -0.000000 1.000000 0.000000 2.354521 1.000000 0.000000 0.000000 2.063336 0.000000 0.000000 0.000000 1.000000
-0.000000 0.000000 -1.000000 0.000000 -0.000000 1.000000 0.000000 2.354521 1.000000 0.000000 -0.000000 2.063336 0.000000 0.000000 0.000000 1.000000
0.000000 -0.000000 -1.000000 0.000000 0.000000 1.000000 -0.000000 2.354521 1.000000 0.000000 0.000000 2.063336 0.000000 0.000000 0.000000 1.000000
0.000000 -0.000000 -1.000000 0.000000 0.000000 1.000000 -0.000000 2.354521 1.000000 -0.000000 0.000000 2.063336 0.000000 0.000000 0.000000 1.000000
0.000000 0.000000 -1.000000 0.000000 -0.000000 1.000000 0.000000 2.354521 1.000000 -0.000000 0.000000 2.063336 0.000000 0.000000 0.000000 1.000000
0.000000 -0.000000 -1.000000 -0.000000 -0.000000 1.000000 -0.000000 2.354521 1.000000 -0.000000 0.000000 2.063336 0.000000 0.000000 0.000000 1.000000
0.000000 0.000000 -1.000000 0.000000 0.000000 1.000000 0.000000 2.354521 1.000000 -0.000000 0.000000 2.063336 0.000000 0.000000 0.000000 1.000000
0.000000 0.000000 -1.000000 0.000000 0.000000 1.000000 0.000000 2.354521 1.000000 -0.000000 0.000000 2.063336 0.000000 0.000000 0.000000 1.000000
0.000000 0.000000 -1.000000 -0.000000 0.000000 1.000000 0.000000 2.354521 1.000000 0.000000 0.000000 2.063336 0.000000 0.000000 0.000000 1.000000
0.000000 -0.000000 -1.000000 0.000000 0.000000 1.000000 0.000000 2.354521 1.000000 -0.000000 0.000000 2.063336 0.000000 0.000000 0.000000 1.000000
0.000000 -0.000000 -1.000000 -0.000000 0.000000 1.000000 0.000000 2.354521 1.000000 0.000000 0.000000 2.063336 0.000000 0.000000 0.000000 1.000000
0.000000 -0.000000 -1.000000 0.000000 -0.000000 1.000000 0.000000 2.354521 1.000000 -0.000000 0.000000 2.063336 0.000000 0.000000 0.000000 1.000000
0.000000 0.000000 -1.000000 0.000000 -0.000000 1.000000 0.000000 2.354521 1.000000 0.000000 0.000000 2.063336 0.000000 0.000000 0.000000 1.000000
0.000000 -0.000000 -1.000000 -0.000000 0.000000 1.000000 -0.000000 2.354521 1.000000 -0.000000 0.000000 2.063336 0.000000 0.000000 0.000000 1.000000
0.000000 0.000000 -1.000000 -0.000000 0.000000 1.000000 0.000000 2.354521 1.000000 0.000000 0.000000 2.063336 0.000000 0.000000 0.000000 1.000000
0.000000 0.000000 -1.000000 -0.000000 0.000000 1.000000 0.000000 2.354521 1.000000 0.000000 0.000000 2.063336 0.000000 0.000000 0.000000 1.000000
0.000000 0.000000 -1.000000 0.000000 0.000000 1.000000 0.000000 2.354521 1.000000 0.000000 0.000000 2.063336 0.000000 0.000000 0.000000 1.000000
0.000000 0.000000 -1.000000 0.000000 0.000000 1.000000 0.000000 2.354521 1.000000 0.000000 0.000000 2.063336 0.000000 0.000000 0.000000 1.000000
0.000000 0.000000 -1.000000 -0.000000 0.000000 1.000000 0.000000 2.354521 1.000000 0.000000 0.000000 2.063336 0.000000 0.000000 0.000000 1.000000
0.000000 0.000000 -1.000000 0.000000 0.000000 1.000000 0.000000 2.354521 1.000000 0.000000 0.000000 2.063336 0.000000 0.000000 0.000000 1.000000
0.000000 0.000000 -1.000000 -0.000000 0.000000 1.000000 0.000000 2.354521 1.000000 0.000000 0.000000 2.063336 0.000000 0.000000 0.000000 1.000000
0.000000 0.000000 -1.000000 -0.000000 0.000000 1.000000 0.000000 2.354521 1.000000 0.000000 0.000000 2.063336 0.000000 0.000000 0.000000 1.000000</float_array><technique_common><accessor source="#neck_jnt-Matrix-animation-output-transform-array" count="31" stride="16"><param type="float4x4"/></accessor></technique_common></source><source id="neck_jnt-Interpolations"><Name_array id="neck_jnt-Interpolations-array" count="31">
 LINEAR LINEAR LINEAR LINEAR LINEAR LINEAR LINEAR LINEAR LINEAR LINEAR LINEAR
LINEAR LINEAR LINEAR LINEAR LINEAR LINEAR LINEAR LINEAR LINEAR LINEAR LINEAR LINEAR
LINEAR LINEAR LINEAR LINEAR LINEAR LINEAR LINEAR LINEAR</Name_array><technique_common><accessor source="#neck_jnt-Interpolations-array" count="31"><param type="name"/></accessor></technique_common></source><sampler id="neck_jnt-Matrix-animation-transform"><input semantic="INPUT" source="#neck_jnt-Matrix-animation-input"/><input semantic="OUTPUT" source="#neck_jnt-Matrix-animation-output-transform"/><input semantic="INTERPOLATION" source="#neck_jnt-Interpolations"/></sampler><channel source="#neck_jnt-Matrix-animation-transform" target="neck_jnt/matrix"/></animation></animation>
    <animation id="head_jnt-anim" name="head_jnt"><animation><source id="head_jnt-Matrix-animation-input"><float_array id="head_jnt-Matrix-animation-input-array" count="31">

0.000000 0.033333 0.066667 0.100000 0.133333 0.166667 0.200000 0.233333 0.266667 0.300000 0.333333 0.366667 0.400000 0.433333 0.466667 0.500000
0.533333 0.566667 0.600000 0.633333 0.666667 0.700000 0.733333 0.766667 0.800000 0.833333 0.866667 0.900000 0.933333 0.966667 1.000000</float_array><technique_common><accessor source="#head_jnt-Matrix-animation-input-array" count="31"><param name="TIME" type="float"/></accessor></technique_common></source><source id="head_jnt-Matrix-animation-output-transform"><float_array id="head_jnt-Matrix-animation-output-transform-array" count="496">

1.000000 0.000000 0.000000 1.569001 0.000000 1.000000 0.000000 0.000000 0.000000 0.000000 1.000000 0.000000 0.000000 0.000000 0.000000 1.000000
1.000000 0.000000 0.000000 1.569001 0.000000 1.000000 0.000000 0.000000 0.000000 0.000000 1.000000 0.000000 0.000000 0.000000 0.000000 1.000000
1.000000 0.000000 0.000000 1.569001 0.000000 1.000000 0.000000 0.000000 -0.000000 0.000000 1.000000 0.000000 0.000000 0.000000 0.000000 1.000000
1.000000 0.000000 0.000000 1.569001 0.000000 1.000000 0.000000 0.000000 0.000000 0.000000 1.000000 0.000000 0.000000 0.000000 0.000000 1.000000
1.000000 0.000000 0.000000 1.569001 0.000000 1.000000 0.000000 0.000000 0.000000 0.000000 1.000000 0.000000 0.000000 0.000000 0.000000 1.000000
1.000000 0.000000 0.000000 1.569001 0.000000 1.000000 0.000000 0.000000 0.000000 0.000000 1.000000 0.000000 0.000000 0.000000 0.000000 1.000000
1.000000 0.000000 0.000000 1.569001 0.000000 1.000000 0.000000 0.000000 0.000000 0.000000 1.000000 0.000000 0.000000 0.000000 0.000000 1.000000
1.000000 0.000000 0.000000 1.569001 0.000000 1.000000 0.000000 0.000000 0.000000 0.000000 1.000000 0.000000 0.000000 0.000000 0.000000 1.000000
1.000000 0.000000 -0.000000 1.569001 0.000000 1.000000 0.000000 0.000000 0.000000 0.000000 1.000000 0.000000 0.000000 0.000000 0.000000 1.000000
1.000000 0.000000 0.000000 1.569001 0.000000 1.000000 0.000000 0.000000 0.000000 0.000000 1.000000 0.000000 0.000000 0.000000 0.000000 1.000000
1.000000 0.000000 0.000000 1.569001 0.000000 1.000000 0.000000 0.000000 -0.000000 0.000000 1.000000 0.000000 0.000000 0.000000 0.000000 1.000000
1.000000 0.000000 0.000000 1.569001 0.000000 1.000000 0.000000 0.000000 0.000000 0.000000 1.000000 0.000000 0.000000 0.000000 0.000000 1.000000
1.000000 0.000000 0.000000 1.569001 0.000000 1.000000 0.000000 0.000000 0.000000 -0.000000 1.000000 0.000000 0.000000 0.000000 0.000000 1.000000
1.000000 -0.000000 0.000000 1.569001 0.000000 1.000000 0.000000 0.000000 -0.000000 0.000000 1.000000 0.000000 0.000000 0.000000 0.000000 1.000000
1.000000 0.000000 0.000000 1.569001 -0.000000 1.000000 -0.000000 0.000000 0.000000 -0.000000 1.000000 0.000000 0.000000 0.000000 0.000000 1.000000
1.000000 0.000000 0.000000 1.569001 0.000000 1.000000 0.000000 0.000000 0.000000 0.000000 1.000000 0.000000 0.000000 0.000000 0.000000 1.000000
1.000000 0.000000 0.000000 1.569001 -0.000000 1.000000 -0.000000 0.000000 0.000000 -0.000000 1.000000 0.000000 0.000000 0.000000 0.000000 1.000000
1.000000 0.000000 0.000000 1.569001 0.000000 1.000000 0.000000 0.000000 0.000000 0.000000 1.000000 0.000000 0.000000 0.000000 0.000000 1.000000
1.000000 -0.000000 0.000000 1.569001 0.000000 1.000000 0.000000 0.000000 0.000000 -0.000000 1.000000 0.000000 0.000000 0.000000 0.000000 1.000000
1.000000 0.000000 0.000000 1.569001 -0.000000 1.000000 0.000000 0.000000 0.000000 -0.000000 1.000000 0.000000 0.000000 0.000000 0.000000 1.000000
1.000000 0.000000 0.000000 1.569001 -0.000000 1.000000 0.000000 0.000000 0.000000 0.000000 1.000000 0.000000 0.000000 0.000000 0.000000 1.000000
1.000000 0.000000 0.000000 1.569001 0.000000 1.000000 -0.000000 0.000000 0.000000 -0.000000 1.000000 0.000000 0.000000 0.000000 0.000000 1.000000
1.000000 0.000000 0.000000 1.569001 0.000000 1.000000 0.000000 0.000000 0.000000 0.000000 1.000000 0.000000 0.000000 0.000000 0.000000 1.000000
1.000000 0.000000 0.000000 1.569001 -0.000000 1.000000 -0.000000 0.000000 0.000000 0.000000 1.000000 0.000000 0.000000 0.000000 0.000000 1.000000
1.000000 -0.000000 0.000000 1.569001 -0.000000 1.000000 0.000000 0.000000 0.000000 -0.000000 1.000000 0.000000 0.000000 0.000000 0.000000 1.000000
1.000000 -0.000000 0.000000 1.569001 0.000000 1.000000 0.000000 0.000000 0.000000 -0.000000 1.000000 0.000000 0.000000 0.000000 0.000000 1.000000
1.000000 0.000000 0.000000 1.569001 0.000000 1.000000 -0.000000 0.000000 0.000000 0.000000 1.000000 0.000000 0.000000 0.000000 0.000000 1.000000
1.000000 0.000000 0.000000 1.569001 0.000000 1.000000 0.000000 0.000000 0.000000 0.000000 1.000000 0.000000 0.000000 0.000000 0.000000 1.000000
1.000000 0.000000 -0.000000 1.569001 0.000000 1.000000 0.000000 0.000000 0.000000 0.000000 1.000000 0.000000 0.000000 0.000000 0.000000 1.000000
1.000000 -0.000000 0.000000 1.569001 0.000000 1.000000 0.000000 0.000000 0.000000 -0.000000 1.000000 0.000000 0.000000 0.000000 0.000000 1.000000
1.000000 0.000000 -0.000000 1.569001 0.000000 1.000000 0.000000 0.000000 0.000000 0.000000 1.000000 0.000000 0.000000 0.000000 0.000000 1.000000</float_array><technique_common><accessor source="#head_jnt-Matrix-animation-output-transform-array" count="31" stride="16"><param type="float4x4"/></accessor></technique_common></source><source id="head_jnt-Interpolations"><Name_array id="head_jnt-Interpolations-array" count="31">
 LINEAR LINEAR LINEAR LINEAR LINEAR LINEAR LINEAR LINEAR LINEAR LINEAR LINEAR
LINEAR LINEAR LINEAR LINEAR LINEAR LINEAR LINEAR LINEAR LINEAR LINEAR LINEAR LINEAR
LINEAR LINEAR LINEAR LINEAR LINEAR LINEAR LINEAR LINEAR</Name_array><technique_common><accessor source="#head_jnt-Interpolations-array" count="31"><param type="name"/></accessor></technique_common></source><sampler id="head_jnt-Matrix-animation-transform"><input semantic="INPUT" source="#head_jnt-Matrix-animation-input"/><input semantic="OUTPUT" source="#head_jnt-Matrix-animation-output-transform"/><input semantic="INTERPOLATION" source="#head_jnt-Interpolations"/></sampler><channel source="#head_jnt-Matrix-animation-transform" target="head_jnt/matrix"/></animation></animation>
    <animation id="l_shoulder_jnt-anim" name="l_shoulder_jnt"><animation><source id="l_shoulder_jnt-Matrix-animation-input"><float_array id="l_shoulder_jnt-Matrix-animation-input-array" count="31">

0.000000 0.033333 0.066667 0.100000 0.133333 0.166667 0.200000 0.233333 0.266667 0.300000 0.333333 0.366667 0.400000 0.433333 0.466667 0.500000
0.533333 0.566667 0.600000 0.633333 0.666667 0.700000 0.733333 0.766667 0.800000 0.833333 0.866667 0.900000 0.933333 0.966667 1.000000</float_array><technique_common><accessor source="#l_shoulder_jnt-Matrix-animation-input-array" count="31"><param name="TIME" type="float"/></accessor></technique_common></source><source id="l_shoulder_jnt-Matrix-animation-output-transform"><float_array id="l_shoulder_jnt-Matrix-animation-output-transform-array" count="496">

1.000000 0.000000 0.000000 0.786359 0.000000 1.000000 0.000000 2.821333 0.000000 0.000000 1.000000 0.277554 0.000000 0.000000 0.000000 1.000000
1.000000 0.000000 -0.000000 0.786359 0.000000 1.000000 0.000000 2.821333 0.000000 0.000000 1.000000 0.277554 0.000000 0.000000 0.000000 1.000000
1.000000 0.000000 -0.000000 0.786359 0.000000 1.000000 0.000000 2.821333 0.000000 0.000000 1.000000 0.277554 0.000000 0.000000 0.000000 1.000000
1.000000 0.000000 0.000000 0.786359 0.000000 1.000000 0.000000 2.821333 0.000000 0.000000 1.000000 0.277554 0.000000 0.000000 0.000000 1.000000
1.000000 0.000000 0.000000 0.786359 0.000000 1.000000 0.000000 2.821333 0.000000 0.000000 1.000000 0.277554 0.000000 0.000000 0.000000 1.000000
1.000000 0.000000 0.000000 0.786359 0.000000 1.000000 0.000000 2.821333 0.000000 0.000000 1.000000 0.277554 0.000000 0.000000 0.000000 1.000000
1.000000 0.000000 0.000000 0.786359 0.000000 1.000000 0.000000 2.821333 -0.000000 0.000000 1.000000 0.277554 0.000000 0.000000 0.000000 1.000000
1.000000 0.000000 0.000000 0.786359 0.000000 1.000000 0.000000 2.821333 -0.000000 0.000000 1.000000 0.277554 0.000000 0.000000 0.000000 1.000000
1.000000 0.000000 -0.000000 0.786359 0.000000 1.000000 0.000000 2.821333 0.000000 0.000000 1.000000 0.277554 0.000000 0.000000 0.000000 1.000000
1.000000 0.000000 0.000000 0.786359 -0.000000 1.000000 -0.000000 2.821333 0.000000 0.000000 1.000000 0.277554 0.000000 0.000000 0.000000 1.000000
1.000000 0.000000 -0.000000 0.786359 0.000000 1.000000 -0.000000 2.821333 0.000000 0.000000 1.000000 0.277554 0.000000 0.000000 0.000000 1.000000
1.000000 0.000000 0.000000 0.786359 0.000000 1.000000 0.000000 2.821333 0.000000 0.000000 1.000000 0.277554 0.000000 0.000000 0.000000 1.000000
1.000000 -0.000000 0.000000 0.786359 0.000000 1.000000 0.000000 2.821333 0.000000 -0.000000 1.000000 0.277554 0.000000 0.000000 0.000000 1.000000
1.000000 0.000000 0.000000 0.786359 0.000000 1.000000 -0.000000 2.821333 0.000000 -0.000000 1.000000 0.277554 0.000000 0.000000 0.000000 1.000000
1.000000 -0.000000 0.000000 0.786359 0.000000 1.000000 0.000000 2.821333 -0.000000 -0.000000 1.000000 0.277554 0.000000 0.000000 0.000000 1.000000
1.000000 0.000000 0.000000 0.786359 -0.000000 1.000000 0.000000 2.821333 0.000000 -0.000000 1.000000 0.277554 0.000000 0.000000 0.000000 1.000000
1.000000 0.000000 0.000000 0.786359 0.000000 1.000000 0.000000 2.821333 0.000000 0.000000 1.000000 0.277554 0.000000 0.000000 0.000000 1.000000
1.000000 0.000000 0.000000 0.786359 -0.000000 1.000000 0.000000 2.821333 0.000000 0.000000 1.000000 0.277554 0.000000 0.000000 0.000000 1.000000
1.000000 0.000000 0.000000 0.786359 0.000000 1.000000 0.000000 2.821333 0.000000 0.000000 1.000000 0.277554 0.000000 0.000000 0.000000 1.000000
1.000000 -0.000000 0.000000 0.786359 -0.000000 1.000000 0.000000 2.821333 0.000000 0.000000 1.000000 0.277554 0.000000 0.000000 0.000000 1.000000
1.000000 -0.000000 0.000000 0.786359 -0.000000 1.000000 0.000000 2.821333 0.000000 -0.000000 1.000000 0.277554 0.000000 0.000000 0.000000 1.000000
1.000000 0.000000 0.000000 0.786359 -0.000000 1.000000 0.000000 2.821333 0.000000 0.000000 1.000000 0.277554 0.000000 0.000000 0.000000 1.000000
1.000000 -0.000000 0.000000 0.786359 0.000000 1.000000 0.000000 2.821333 0.000000 -0.000000 1.000000 0.277554 0.000000 0.000000 0.000000 1.000000
1.000000 0.000000 0.000000 0.786359 0.000000 1.000000 0.000000 2.821333 0.000000 0.000000 1.000000 0.277554 0.000000 0.000000 0.000000 1.000000
1.000000 0.000000 0.000000 0.786359 0.000000 1.000000 0.000000 2.821333 0.000000 0.000000 1.000000 0.277554 0.000000 0.000000 0.000000 1.000000
1.000000 0.000000 0.000000 0.786359 0.000000 1.000000 0.000000 2.821333 0.000000 0.000000 1.000000 0.277554 0.000000 0.000000 0.000000 1.000000
1.000000 0.000000 0.000000 0.786359 0.000000 1.000000 0.000000 2.821333 0.000000 0.000000 1.000000 0.277554 0.000000 0.000000 0.000000 1.000000
1.000000 0.000000 0.000000 0.786359 0.000000 1.000000 0.000000 2.821333 -0.000000 0.000000 1.000000 0.277554 0.000000 0.000000 0.000000 1.000000
1.000000 0.000000 0.000000 0.786359 0.000000 1.000000 0.000000 2.821333 0.000000 0.000000 1.000000 0.277554 0.000000 0.000000 0.000000 1.000000
1.000000 0.000000 0.000000 0.786359 0.000000 1.000000 0.000000 2.821333 -0.000000 0.000000 1.000000 0.277554 0.000000 0.000000 0.000000 1.000000
1.000000 0.000000 0.000000 0.786359 0.000000 1.000000 0.000000 2.821333 0.000000 0.000000 1.000000 0.277554 0.000000 0.000000 0.000000 1.000000</float_array><technique_common><accessor source="#l_shoulder_jnt-Matrix-animation-output-transform-array" count="31" stride="16"><param type="float4x4"/></accessor></technique_common></source><source id="l_shoulder_jnt-Interpolations"><Name_array id="l_shoulder_jnt-Interpolations-array" count="31">
 LINEAR LINEAR LINEAR LINEAR LINEAR LINEAR LINEAR LINEAR LINEAR LINEAR LINEAR
LINEAR LINEAR LINEAR LINEAR LINEAR LINEAR LINEAR LINEAR LINEAR LINEAR LINEAR LINEAR
LINEAR LINEAR LINEAR LINEAR LINEAR LINEAR LINEAR LINEAR</Name_array><technique_common><accessor source="#l_shoulder_jnt-Interpolations-array" count="31"><param type="name"/></accessor></technique_common></source><sampler id="l_shoulder_jnt-Matrix-animation-transform"><input semantic="INPUT" source="#l_shoulder_jnt-Matrix-animation-input"/><input semantic="OUTPUT" source="#l_shoulder_jnt-Matrix-animation-output-transform"/><input semantic="INTERPOLATION" source="#l_shoulder_jnt-Interpolations"/></sampler><channel source="#l_shoulder_jnt-Matrix-animation-transform" target="l_shoulder_jnt/matrix"/></animation></animation>
    <animation id="l_upperarm-anim" name="l_upperarm"><animation><source id="l_upperarm-Matrix-animation-input"><float_array id="l_upperarm-Matrix-animation-input-array" count="31">

0.000000 0.033333 0.066667 0.100000 0.133333 0.166667 0.200000 0.233333 0.266667 0.300000 0.333333 0.366667 0.400000 0.433333 0.466667 0.500000
0.533333 0.566667 0.600000 0.633333 0.666667 0.700000 0.733333 0.766667 0.800000 0.833333 0.866667 0.900000 0.933333 0.966667 1.000000</float_array><technique_common><accessor source="#l_upperarm-Matrix-animation-input-array" count="31"><param name="TIME" type="float"/></accessor></technique_common></source><source id="l_upperarm-Matrix-animation-output-transform"><float_array id="l_upperarm-Matrix-animation-output-transform-array" count="496">

0.000000 1.000000 -0.000000 1.110940 -1.000000 -0.000000 -0.000001 -0.000001 -0.000001 0.000000 1.000000 -0.000000 0.000000 0.000000 0.000000 1.000000
0.000000 1.000000 -0.000000 1.110940 -1.000000 -0.000000 -0.000001 -0.000001 -0.000001 0.000000 1.000000 -0.000000 0.000000 0.000000 0.000000 1.000000
0.000000 1.000000 -0.000000 1.110940 -1.000000 -0.000000 -0.000001 -0.000001 -0.000001 0.000000 1.000000 -0.000000 0.000000 0.000000 0.000000 1.000000
0.000000 1.000000 -0.000000 1.110940 -1.000000 -0.000000 -0.000001 -0.000001 -0.000001 0.000000 1.000000 -0.000000 0.000000 0.000000 0.000000 1.000000
0.000000 1.000000 -0.000000 1.110940 -1.000000 -0.000000 -0.000001 -0.000001 -0.000001 0.000000 1.000000 -0.000000 0.000000 0.000000 0.000000 1.000000
0.000000 1.000000 -0.000000 1.110940 -1.000000 -0.000000 -0.000001 -0.000001 -0.000001 0.000000 1.000000 -0.000000 0.000000 0.000000 0.000000 1.000000
0.000000 1.000000 -0.000000 1.110940 -1.000000 -0.000000 -0.000001 -0.000001 -0.000001 0.000000 1.000000 -0.000000 0.000000 0.000000 0.000000 1.000000
0.000000 1.000000 -0.000000 1.110940 -1.000000 -0.000000 -0.000001 -0.000001 -0.000001 0.000000 1.000000 -0.000000 0.000000 0.000000 0.000000 1.000000
0.000000 1.000000 -0.000000 1.110940 -1.000000 -0.000000 -0.000001 -0.000001 -0.000001 0.000000 1.000000 -0.000000 0.000000 0.000000 0.000000 1.000000
0.000000 1.000000 -0.000000 1.110940 -1.000000 -0.000000 -0.000001 -0.000001 -0.000001 0.000000 1.000000 -0.000000 0.000000 0.000000 0.000000 1.000000
0.000000 1.000000 -0.000000 1.110940 -1.000000 -0.000000 -0.000001 -0.000001 -0.000001 0.000000 1.000000 -0.000000 0.000000 0.000000 0.000000 1.000000
0.000000 1.000000 -0.000000 1.110940 -1.000000 -0.000000 -0.000001 -0.000001 -0.000001 0.000000 1.000000 -0.000000 0.000000 0.000000 0.000000 1.000000
0.000000 1.000000 -0.000000 1.110940 -1.000000 -0.000000 -0.000001 -0.000001 -0.000001 0.000000 1.000000 -0.000000 0.000000 0.000000 0.000000 1.000000
0.000000 1.000000 -0.000000 1.110940 -1.000000 -0.000000 -0.000001 -0.000001 -0.000001 0.000000 1.000000 -0.000000 0.000000 0.000000 0.000000 1.000000
0.000000 1.000000 -0.000000 1.110940 -1.000000 -0.000000 -0.000001 -0.000001 -0.000001 0.000000 1.000000 -0.000000 0.000000 0.000000 0.000000 1.000000
0.000000 1.000000 -0.000000 1.110940 -1.000000 -0.000000 -0.000001 -0.000001 -0.000001 0.000000 1.000000 -0.000000 0.000000 0.000000 0.000000 1.000000
0.000000 1.000000 -0.000000 1.110940 -1.000000 -0.000000 -0.000001 -0.000001 -0.000001 0.000000 1.000000 -0.000000 0.000000 0.000000 0.000000 1.000000
0.000000 1.000000 -0.000000 1.110940 -1.000000 -0.000000 -0.000001 -0.000001 -0.000001 0.000000 1.000000 -0.000000 0.000000 0.000000 0.000000 1.000000
0.000000 1.000000 -0.000000 1.110940 -1.000000 -0.000000 -0.000001 -0.000001 -0.000001 0.000000 1.000000 -0.000000 0.000000 0.000000 0.000000 1.000000
0.000000 1.000000 -0.000000 1.110940 -1.000000 -0.000000 -0.000001 -0.000001 -0.000001 0.000000 1.000000 -0.000000 0.000000 0.000000 0.000000 1.000000
0.000000 1.000000 -0.000000 1.110940 -1.000000 -0.000000 -0.000001 -0.000001 -0.000001 0.000000 1.000000 -0.000000 0.000000 0.000000 0.000000 1.000000
0.000000 1.000000 -0.000000 1.110940 -1.000000 -0.000000 -0.000001 -0.000001 -0.000001 0.000000 1.000000 -0.000000 0.000000 0.000000 0.000000 1.000000
0.000000 1.000000 -0.000000 1.110940 -1.000000 -0.000000 -0.000001 -0.000001 -0.000001 0.000000 1.000000 -0.000000 0.000000 0.000000 0.000000 1.000000
0.000000 1.000000 -0.000000 1.110940 -1.000000 -0.000000 -0.000001 -0.000001 -0.000001 0.000000 1.000000 -0.000000 0.000000 0.000000 0.000000 1.000000
0.000000 1.000000 -0.000000 1.110940 -1.000000 -0.000000 -0.000001 -0.000001 -0.000001 0.000000 1.000000 -0.000000 0.000000 0.000000 0.000000 1.000000
0.000000 1.000000 -0.000000 1.110940 -1.000000 -0.000000 -0.000001 -0.000001 -0.000001 0.000000 1.000000 -0.000000 0.000000 0.000000 0.000000 1.000000
0.000000 1.000000 -0.000000 1.110940 -1.000000 -0.000000 -0.000001 -0.000001 -0.000001 0.000000 1.000000 -0.000000 0.000000 0.000000 0.000000 1.000000
0.000000 1.000000 -0.000000 1.110940 -1.000000 -0.000000 -0.000001 -0.000001 -0.000001 0.000000 1.000000 -0.000000 0.000000 0.000000 0.000000 1.000000
0.000000 1.000000 -0.000000 1.110940 -1.000000 -0.000000 -0.000001 -0.000001 -0.000001 0.000000 1.000000 -0.000000 0.000000 0.000000 0.000000 1.000000
0.000000 1.000000 -0.000000 1.110940 -1.000000 -0.000000 -0.000001 -0.000001 -0.000001 0.000000 1.000000 -0.000000 0.000000 0.000000 0.000000 1.000000
0.000000 1.000000 -0.000000 1.110940 -1.000000 -0.000000 -0.000001 -0.000001 -0.000001 0.000000 1.000000 -0.000000 0.000000 0.000000 0.000000 1.000000</float_array><technique_common><accessor source="#l_upperarm-Matrix-animation-output-transform-array" count="31" stride="16"><param type="float4x4"/></accessor></technique_common></source><source id="l_upperarm-Interpolations"><Name_array id="l_upperarm-Interpolations-array" count="31">
 LINEAR LINEAR LINEAR LINEAR LINEAR LINEAR LINEAR LINEAR LINEAR LINEAR LINEAR
LINEAR LINEAR LINEAR LINEAR LINEAR LINEAR LINEAR LINEAR LINEAR LINEAR LINEAR LINEAR
LINEAR LINEAR LINEAR LINEAR LINEAR LINEAR LINEAR LINEAR</Name_array><technique_common><accessor source="#l_upperarm-Interpolations-array" count="31"><param type="name"/></accessor></technique_common></source><sampler id="l_upperarm-Matrix-animation-transform"><input semantic="INPUT" source="#l_upperarm-Matrix-animation-input"/><input semantic="OUTPUT" source="#l_upperarm-Matrix-animation-output-transform"/><input semantic="INTERPOLATION" source="#l_upperarm-Interpolations"/></sampler><channel source="#l_upperarm-Matrix-animation-transform" target="l_upperarm/matrix"/></animation></animation>
    <animation id="l_arm-anim" name="l_arm"><animation><source id="l_arm-Matrix-animation-input"><float_array id="l_arm-Matrix-animation-input-array" count="31">

0.000000 0.033333 0.066667 0.100000 0.133333 0.166667 0.200000 0.233333 0.266667 0.300000 0.333333 0.366667 0.400000 0.433333 0.466667 0.500000
0.533333 0.566667 0.600000 0.633333 0.666667 0.700000 0.733333 0.766667 0.800000 0.833333 0.866667 0.900000 0.933333 0.966667 1.000000</float_array><technique_common><accessor source="#l_arm-Matrix-animation-input-array" count="31"><param name="TIME" type="float"/></accessor></technique_common></source><source id="l_arm-Matrix-animation-output-transform"><float_array id="l_arm-Matrix-animation-output-transform-array" count="496">

0.999341 0.000000 -0.036300 2.584035 -0.000000 1.000000 -0.000000 0.000000 0.036300 0.000000 0.999341 0.000000 0.000000 0.000000 0.000000 1.000000
0.999341 0.000000 -0.036300 2.584035 -0.000000 1.000000 -0.000000 0.000000 0.036300 0.000000 0.999341 0.000000 0.000000 0.000000 0.000000 1.000000
0.999341 0.000000 -0.036300 2.584035 0.000000 1.000000 0.000000 0.000000 0.036300 0.000000 0.999341 0.000000 0.000000 0.000000 0.000000 1.000000
0.999341 0.000000 -0.036300 2.584035 0.000000 1.000000 0.000000 0.000000 0.036300 -0.000000 0.999341 0.000000 0.000000 0.000000 0.000000 1.000000
