<?xml version="1.0" encoding="utf-8"?>
<COLLADA xmlns="http://www.collada.org/2005/11/COLLADASchema" version="1.4.1">
  <asset><contributor><author></author><authoring_tool>FBX COLLADA exporter</authoring_tool><comments></comments></contributor><created>2018-12-11T13:51:21Z</created><keywords></keywords><modified>2018-12-11T13:51:21Z</modified><revision></revision><subject></subject><title></title><unit meter="0.010000" name="centimeter"></unit><up_axis>Y_UP</up_axis></asset>
  <library_animations>
    <animation id="root_jnt-anim" name="root_jnt"><animation><source id="root_jnt-Matrix-animation-input"><float_array id="root_jnt-Matrix-animation-input-array" count="61">

0.000000 0.033333 0.066667 0.100000 0.133333 0.166667 0.200000 0.233333 0.266667 0.300000 0.333333 0.366667 0.400000 0.433333 0.466667 0.500000
0.533333 0.566667 0.600000 0.633333 0.666667 0.700000 0.733333 0.766667 0.800000 0.833333 0.866667 0.900000 0.933333 0.966667 1.000000 1.033333
1.066667 1.100000 1.133333 1.166667 1.200000 1.233333 1.266667 1.300000 1.333333 1.366667 1.400000 1.433333 1.466667 1.500000 1.533333 1.566667
1.600000 1.633333 1.666667 1.700000 1.733333 1.766667 1.800000 1.833333 1.866667 1.900000 1.933333 1.966667 2.000000</float_array><technique_common><accessor source="#root_jnt-Matrix-animation-input-array" count="61"><param name="TIME" type="float"/></accessor></technique_common></source><source id="root_jnt-Matrix-animation-output-transform"><float_array id="root_jnt-Matrix-animation-output-transform-array" count="976">

1.000000 0.000000 0.000000 0.000000 0.000000 1.000000 0.000000 0.000000 0.000000 0.000000 1.000000 0.000000 0.000000 0.000000 0.000000 1.000000
1.000000 0.000000 0.000000 0.000000 0.000000 1.000000 0.000000 0.000000 0.000000 0.000000 1.000000 0.000000 0.000000 0.000000 0.000000 1.000000
1.000000 0.000000 0.000000 0.000000 0.000000 1.000000 0.000000 0.000000 0.000000 0.000000 1.000000 0.000000 0.000000 0.000000 0.000000 1.000000
1.000000 0.000000 0.000000 0.000000 0.000000 1.000000 0.000000 0.000000 0.000000 0.000000 1.000000 0.000000 0.000000 0.000000 0.000000 1.000000
1.000000 0.000000 0.000000 0.000000 0.000000 1.000000 0.000000 0.000000 0.000000 0.000000 1.000000 0.000000 0.000000 0.000000 0.000000 1.000000
1.000000 0.000000 0.000000 0.000000 0.000000 1.000000 0.000000 0.000000 0.000000 0.000000 1.000000 0.000000 0.000000 0.000000 0.000000 1.000000
1.000000 0.000000 0.000000 0.000000 0.000000 1.000000 0.000000 0.000000 0.000000 0.000000 1.000000 0.000000 0.000000 0.000000 0.000000 1.000000
1.000000 0.000000 0.000000 0.000000 0.000000 1.000000 0.000000 0.000000 0.000000 0.000000 1.000000 0.000000 0.000000 0.000000 0.000000 1.000000
1.000000 0.000000 0.000000 0.000000 0.000000 1.000000 0.000000 0.000000 0.000000 0.000000 1.000000 0.000000 0.000000 0.000000 0.000000 1.000000
1.000000 0.000000 0.000000 0.000000 0.000000 1.000000 0.000000 0.000000 0.000000 0.000000 1.000000 0.000000 0.000000 0.000000 0.000000 1.000000
1.000000 0.000000 0.000000 0.000000 0.000000 1.000000 0.000000 0.000000 0.000000 0.000000 1.000000 0.000000 0.000000 0.000000 0.000000 1.000000
1.000000 0.000000 0.000000 0.000000 0.000000 1.000000 0.000000 0.000000 0.000000 0.000000 1.000000 0.000000 0.000000 0.000000 0.000000 1.000000
1.000000 0.000000 0.000000 0.000000 0.000000 1.000000 0.000000 0.000000 0.000000 0.000000 1.000000 0.000000 0.000000 0.000000 0.000000 1.000000
1.000000 0.000000 0.000000 0.000000 0.000000 1.000000 0.000000 0.000000 0.000000 0.000000 1.000000 0.000000 0.000000 0.000000 0.000000 1.000000
1.000000 0.000000 0.000000 0.000000 0.000000 1.000000 0.000000 0.000000 0.000000 0.000000 1.000000 0.000000 0.000000 0.000000 0.000000 1.000000
1.000000 0.000000 0.000000 0.000000 0.000000 1.000000 0.000000 0.000000 0.000000 0.000000 1.000000 0.000000 0.000000 0.000000 0.000000 1.000000
1.000000 0.000000 0.000000 0.000000 0.000000 1.000000 0.000000 0.000000 0.000000 0.000000 1.000000 0.000000 0.000000 0.000000 0.000000 1.000000
1.000000 0.000000 0.000000 0.000000 0.000000 1.000000 0.000000 0.000000 0.000000 0.000000 1.000000 0.000000 0.000000 0.000000 0.000000 1.000000
1.000000 0.000000 0.000000 0.000000 0.000000 1.000000 0.000000 0.000000 0.000000 0.000000 1.000000 0.000000 0.000000 0.000000 0.000000 1.000000
1.000000 0.000000 0.000000 0.000000 0.000000 1.000000 0.000000 0.000000 0.000000 0.000000 1.000000 0.000000 0.000000 0.000000 0.000000 1.000000
1.000000 0.000000 0.000000 0.000000 0.000000 1.000000 0.000000 0.000000 0.000000 0.000000 1.000000 0.000000 0.000000 0.000000 0.000000 1.000000
1.000000 0.000000 0.000000 0.000000 0.000000 1.000000 0.000000 0.000000 0.000000 0.000000 1.000000 0.000000 0.000000 0.000000 0.000000 1.000000
1.000000 0.000000 0.000000 0.000000 0.000000 1.000000 0.000000 0.000000 0.000000 0.000000 1.000000 0.000000 0.000000 0.000000 0.000000 1.000000
1.000000 0.000000 0.000000 0.000000 0.000000 1.000000 0.000000 0.000000 0.000000 0.000000 1.000000 0.000000 0.000000 0.000000 0.000000 1.000000
1.000000 0.000000 0.000000 0.000000 0.000000 1.000000 0.000000 0.000000 0.000000 0.000000 1.000000 0.000000 0.000000 0.000000 0.000000 1.000000
1.000000 0.000000 0.000000 0.000000 0.000000 1.000000 0.000000 0.000000 0.000000 0.000000 1.000000 0.000000 0.000000 0.000000 0.000000 1.000000
1.000000 0.000000 0.000000 0.000000 0.000000 1.000000 0.000000 0.000000 0.000000 0.000000 1.000000 0.000000 0.000000 0.000000 0.000000 1.000000
1.000000 0.000000 0.000000 0.000000 0.000000 1.000000 0.000000 0.000000 0.000000 0.000000 1.000000 0.000000 0.000000 0.000000 0.000000 1.000000
1.000000 0.000000 0.000000 0.000000 0.000000 1.000000 0.000000 0.000000 0.000000 0.000000 1.000000 0.000000 0.000000 0.000000 0.000000 1.000000
1.000000 0.000000 0.000000 0.000000 0.000000 1.000000 0.000000 0.000000 0.000000 0.000000 1.000000 0.000000 0.000000 0.000000 0.000000 1.000000
1.000000 0.000000 0.000000 0.000000 0.000000 1.000000 0.000000 0.000000 0.000000 0.000000 1.000000 0.000000 0.000000 0.000000 0.000000 1.000000
1.000000 0.000000 0.000000 0.000000 0.000000 1.000000 0.000000 0.000000 0.000000 0.000000 1.000000 0.000000 0.000000 0.000000 0.000000 1.000000
1.000000 0.000000 0.000000 0.000000 0.000000 1.000000 0.000000 0.000000 0.000000 0.000000 1.000000 0.000000 0.000000 0.000000 0.000000 1.000000
1.000000 0.000000 0.000000 0.000000 0.000000 1.000000 0.000000 0.000000 0.000000 0.000000 1.000000 0.000000 0.000000 0.000000 0.000000 1.000000
1.000000 0.000000 0.000000 0.000000 0.000000 1.000000 0.000000 0.000000 0.000000 0.000000 1.000000 0.000000 0.000000 0.000000 0.000000 1.000000
1.000000 0.000000 0.000000 0.000000 0.000000 1.000000 0.000000 0.000000 0.000000 0.000000 1.000000 0.000000 0.000000 0.000000 0.000000 1.000000
1.000000 0.000000 0.000000 0.000000 0.000000 1.000000 0.000000 0.000000 0.000000 0.000000 1.000000 0.000000 0.000000 0.000000 0.000000 1.000000
1.000000 0.000000 0.000000 0.000000 0.000000 1.000000 0.000000 0.000000 0.000000 0.000000 1.000000 0.000000 0.000000 0.000000 0.000000 1.000000
1.000000 0.000000 0.000000 0.000000 0.000000 1.000000 0.000000 0.000000 0.000000 0.000000 1.000000 0.000000 0.000000 0.000000 0.000000 1.000000
1.000000 0.000000 0.000000 0.000000 0.000000 1.000000 0.000000 0.000000 0.000000 0.000000 1.000000 0.000000 0.000000 0.000000 0.000000 1.000000
1.000000 0.000000 0.000000 0.000000 0.000000 1.000000 0.000000 0.000000 0.000000 0.000000 1.000000 0.000000 0.000000 0.000000 0.000000 1.000000
1.000000 0.000000 0.000000 0.000000 0.000000 1.000000 0.000000 0.000000 0.000000 0.000000 1.000000 0.000000 0.000000 0.000000 0.000000 1.000000
1.000000 0.000000 0.000000 0.000000 0.000000 1.000000 0.000000 0.000000 0.000000 0.000000 1.000000 0.000000 0.000000 0.000000 0.000000 1.000000
1.000000 0.000000 0.000000 0.000000 0.000000 1.000000 0.000000 0.000000 0.000000 0.000000 1.000000 0.000000 0.000000 0.000000 0.000000 1.000000
1.000000 0.000000 0.000000 0.000000 0.000000 1.000000 0.000000 0.000000 0.000000 0.000000 1.000000 0.000000 0.000000 0.000000 0.000000 1.000000
1.000000 0.000000 0.000000 0.000000 0.000000 1.000000 0.000000 0.000000 0.000000 0.000000 1.000000 0.000000 0.000000 0.000000 0.000000 1.000000
1.000000 0.000000 0.000000 0.000000 0.000000 1.000000 0.000000 0.000000 0.000000 0.000000 1.000000 0.000000 0.000000 0.000000 0.000000 1.000000
1.000000 0.000000 0.000000 0.000000 0.000000 1.000000 0.000000 0.000000 0.000000 0.000000 1.000000 0.000000 0.000000 0.000000 0.000000 1.000000
1.000000 0.000000 0.000000 0.000000 0.000000 1.000000 0.000000 0.000000 0.000000 0.000000 1.000000 0.000000 0.000000 0.000000 0.000000 1.000000
1.000000 0.000000 0.000000 0.000000 0.000000 1.000000 0.000000 0.000000 0.000000 0.000000 1.000000 0.000000 0.000000 0.000000 0.000000 1.000000
1.000000 0.000000 0.000000 0.000000 0.000000 1.000000 0.000000 0.000000 0.000000 0.000000 1.000000 0.000000 0.000000 0.000000 0.000000 1.000000
1.000000 0.000000 0.000000 0.000000 0.000000 1.000000 0.000000 0.000000 0.000000 0.000000 1.000000 0.000000 0.000000 0.000000 0.000000 1.000000
1.000000 0.000000 0.000000 0.000000 0.000000 1.000000 0.000000 0.000000 0.000000 0.000000 1.000000 0.000000 0.000000 0.000000 0.000000 1.000000
1.000000 0.000000 0.000000 0.000000 0.000000 1.000000 0.000000 0.000000 0.000000 0.000000 1.000000 0.000000 0.000000 0.000000 0.000000 1.000000
1.000000 0.000000 0.000000 0.000000 0.000000 1.000000 0.000000 0.000000 0.000000 0.000000 1.000000 0.000000 0.000000 0.000000 0.000000 1.000000
1.000000 0.000000 0.000000 0.000000 0.000000 1.000000 0.000000 0.000000 0.000000 0.000000 1.000000 0.000000 0.000000 0.000000 0.000000 1.000000
1.000000 0.000000 0.000000 0.000000 0.000000 1.000000 0.000000 0.000000 0.000000 0.000000 1.000000 0.000000 0.000000 0.000000 0.000000 1.000000
1.000000 0.000000 0.000000 0.000000 0.000000 1.000000 0.000000 0.000000 0.000000 0.000000 1.000000 0.000000 0.000000 0.000000 0.000000 1.000000
1.000000 0.000000 0.000000 0.000000 0.000000 1.000000 0.000000 0.000000 0.000000 0.000000 1.000000 0.000000 0.000000 0.000000 0.000000 1.000000
1.000000 0.000000 0.000000 0.000000 0.000000 1.000000 0.000000 0.000000 0.000000 0.000000 1.000000 0.000000 0.000000 0.000000 0.000000 1.000000
1.000000 0.000000 0.000000 0.000000 0.000000 1.000000 0.000000 0.000000 0.000000 0.000000 1.000000 0.000000 0.000000 0.000000 0.000000 1.000000</float_array><technique_common><accessor source="#root_jnt-Matrix-animation-output-transform-array" count="61" stride="16"><param type="float4x4"/></accessor></technique_common></source><source id="root_jnt-Interpolations"><Name_array id="root_jnt-Interpolations-array" count="61">
 LINEAR LINEAR LINEAR LINEAR LINEAR LINEAR LINEAR LINEAR LINEAR LINEAR LINEAR
LINEAR LINEAR LINEAR LINEAR LINEAR LINEAR LINEAR LINEAR LINEAR LINEAR LINEAR LINEAR
LINEAR LINEAR LINEAR LINEAR LINEAR LINEAR LINEAR LINEAR LINEAR LINEAR LINEAR LINEAR
LINEAR LINEAR LINEAR LINEAR LINEAR LINEAR LINEAR LINEAR LINEAR LINEAR LINEAR LINEAR
LINEAR LINEAR LINEAR LINEAR LINEAR LINEAR LINEAR LINEAR LINEAR LINEAR LINEAR LINEAR
LINEAR LINEAR</Name_array><technique_common><accessor source="#root_jnt-Interpolations-array" count="61"><param type="name"/></accessor></technique_common></source><sampler id="root_jnt-Matrix-animation-transform"><input semantic="INPUT" source="#root_jnt-Matrix-animation-input"/><input semantic="OUTPUT" source="#root_jnt-Matrix-animation-output-transform"/><input semantic="INTERPOLATION" source="#root_jnt-Interpolations"/></sampler><channel source="#root_jnt-Matrix-animation-transform" target="root_jnt/matrix"/></animation></animation>
    <animation id="body_jnt-anim" name="body_jnt"><animation><source id="body_jnt-Matrix-animation-input"><float_array id="body_jnt-Matrix-animation-input-array" count="61">

0.000000 0.033333 0.066667 0.100000 0.133333 0.166667 0.200000 0.233333 0.266667 0.300000 0.333333 0.366667 0.400000 0.433333 0.466667 0.500000
0.533333 0.566667 0.600000 0.633333 0.666667 0.700000 0.733333 0.766667 0.800000 0.833333 0.866667 0.900000 0.933333 0.966667 1.000000 1.033333
1.066667 1.100000 1.133333 1.166667 1.200000 1.233333 1.266667 1.300000 1.333333 1.366667 1.400000 1.433333 1.466667 1.500000 1.533333 1.566667
1.600000 1.633333 1.666667 1.700000 1.733333 1.766667 1.800000 1.833333 1.866667 1.900000 1.933333 1.966667 2.000000</float_array><technique_common><accessor source="#body_jnt-Matrix-animation-input-array" count="61"><param name="TIME" type="float"/></accessor></technique_common></source><source id="body_jnt-Matrix-animation-output-transform"><float_array id="body_jnt-Matrix-animation-output-transform-array" count="976">

1.000000 0.000000 0.000000 0.000000 0.000000 1.000000 0.000000 0.402044 0.000000 0.000000 1.000000 -0.650000 0.000000 0.000000 0.000000 1.000000
1.000000 0.000000 0.000000 0.000000 0.000000 1.000000 0.000000 0.402044 0.000000 0.000000 1.000000 -0.650000 0.000000 0.000000 0.000000 1.000000
1.000000 0.000000 0.000000 0.000000 0.000000 1.000000 0.000000 0.402044 0.000000 0.000000 1.000000 -0.650000 0.000000 0.000000 0.000000 1.000000
1.000000 0.000000 0.000000 0.000000 0.000000 1.000000 0.000000 0.402044 0.000000 0.000000 1.000000 -0.650000 0.000000 0.000000 0.000000 1.000000
1.000000 0.000000 0.000000 0.000000 0.000000 1.000000 0.000000 0.402044 0.000000 0.000000 1.000000 -0.650000 0.000000 0.000000 0.000000 1.000000
1.000000 0.000000 0.000000 0.000000 0.000000 1.000000 0.000000 0.402044 0.000000 0.000000 1.000000 -0.650000 0.000000 0.000000 0.000000 1.000000
1.000000 0.000000 0.000000 0.000000 0.000000 1.000000 0.000000 0.402044 0.000000 0.000000 1.000000 -0.650000 0.000000 0.000000 0.000000 1.000000
1.000000 0.000000 0.000000 0.000000 0.000000 1.000000 0.000000 0.402044 0.000000 0.000000 1.000000 -0.650000 0.000000 0.000000 0.000000 1.000000
1.000000 0.000000 0.000000 0.000000 0.000000 1.000000 0.000000 0.402044 0.000000 0.000000 1.000000 -0.650000 0.000000 0.000000 0.000000 1.000000
1.000000 0.000000 0.000000 0.000000 0.000000 1.000000 0.000000 0.402044 0.000000 0.000000 1.000000 -0.650000 0.000000 0.000000 0.000000 1.000000
1.000000 0.000000 0.000000 0.000000 0.000000 1.000000 0.000000 0.402044 0.000000 0.000000 1.000000 -0.650000 0.000000 0.000000 0.000000 1.000000
1.000000 0.000000 0.000000 0.000000 0.000000 1.000000 0.000000 0.402044 0.000000 0.000000 1.000000 -0.650000 0.000000 0.000000 0.000000 1.000000
1.000000 0.000000 0.000000 0.000000 0.000000 1.000000 0.000000 0.402044 0.000000 0.000000 1.000000 -0.650000 0.000000 0.000000 0.000000 1.000000
1.000000 0.000000 0.000000 0.000000 0.000000 1.000000 0.000000 0.402044 0.000000 0.000000 1.000000 -0.650000 0.000000 0.000000 0.000000 1.000000
1.000000 0.000000 0.000000 0.000000 0.000000 1.000000 0.000000 0.402044 0.000000 0.000000 1.000000 -0.650000 0.000000 0.000000 0.000000 1.000000
1.000000 0.000000 0.000000 0.000000 0.000000 1.000000 0.000000 0.402044 0.000000 0.000000 1.000000 -0.650000 0.000000 0.000000 0.000000 1.000000
1.000000 0.000000 0.000000 0.000000 0.000000 1.000000 0.000000 0.402044 0.000000 0.000000 1.000000 -0.650000 0.000000 0.000000 0.000000 1.000000
1.000000 0.000000 0.000000 0.000000 0.000000 1.000000 0.000000 0.402044 0.000000 0.000000 1.000000 -0.650000 0.000000 0.000000 0.000000 1.000000
1.000000 0.000000 0.000000 0.000000 0.000000 1.000000 0.000000 0.402044 0.000000 0.000000 1.000000 -0.650000 0.000000 0.000000 0.000000 1.000000
1.000000 0.000000 0.000000 0.000000 0.000000 1.000000 0.000000 0.402044 0.000000 0.000000 1.000000 -0.650000 0.000000 0.000000 0.000000 1.000000
1.000000 0.000000 0.000000 0.000000 0.000000 1.000000 0.000000 0.402044 0.000000 0.000000 1.000000 -0.650000 0.000000 0.000000 0.000000 1.000000
1.000000 0.000000 0.000000 0.000000 0.000000 1.000000 0.000000 0.402044 0.000000 0.000000 1.000000 -0.650000 0.000000 0.000000 0.000000 1.000000
1.000000 0.000000 0.000000 0.000000 0.000000 1.000000 0.000000 0.402044 0.000000 0.000000 1.000000 -0.650000 0.000000 0.000000 0.000000 1.000000
1.000000 0.000000 0.000000 0.000000 0.000000 1.000000 0.000000 0.402044 0.000000 0.000000 1.000000 -0.650000 0.000000 0.000000 0.000000 1.000000
1.000000 0.000000 0.000000 0.000000 0.000000 1.000000 0.000000 0.402044 0.000000 0.000000 1.000000 -0.650000 0.000000 0.000000 0.000000 1.000000
1.000000 0.000000 0.000000 0.000000 0.000000 1.000000 0.000000 0.402044 0.000000 0.000000 1.000000 -0.650000 0.000000 0.000000 0.000000 1.000000
1.000000 0.000000 0.000000 0.000000 0.000000 1.000000 0.000000 0.402044 0.000000 0.000000 1.000000 -0.650000 0.000000 0.000000 0.000000 1.000000
1.000000 0.000000 0.000000 0.000000 0.000000 1.000000 0.000000 0.402044 0.000000 0.000000 1.000000 -0.650000 0.000000 0.000000 0.000000 1.000000
1.000000 0.000000 0.000000 0.000000 0.000000 1.000000 0.000000 0.402044 0.000000 0.000000 1.000000 -0.650000 0.000000 0.000000 0.000000 1.000000
1.000000 0.000000 0.000000 0.000000 0.000000 1.000000 0.000000 0.402044 0.000000 0.000000 1.000000 -0.650000 0.000000 0.000000 0.000000 1.000000
1.000000 0.000000 0.000000 0.000000 0.000000 1.000000 0.000000 0.402044 0.000000 0.000000 1.000000 -0.650000 0.000000 0.000000 0.000000 1.000000
1.000000 0.000000 0.000000 0.000000 0.000000 1.000000 0.000000 0.402044 0.000000 0.000000 1.000000 -0.650000 0.000000 0.000000 0.000000 1.000000
1.000000 0.000000 0.000000 0.000000 0.000000 1.000000 0.000000 0.402044 0.000000 0.000000 1.000000 -0.650000 0.000000 0.000000 0.000000 1.000000
1.000000 0.000000 0.000000 0.000000 0.000000 1.000000 0.000000 0.402044 0.000000 0.000000 1.000000 -0.650000 0.000000 0.000000 0.000000 1.000000
1.000000 0.000000 0.000000 0.000000 0.000000 1.000000 0.000000 0.402044 0.000000 0.000000 1.000000 -0.650000 0.000000 0.000000 0.000000 1.000000
1.000000 0.000000 0.000000 0.000000 0.000000 1.000000 0.000000 0.402044 0.000000 0.000000 1.000000 -0.650000 0.000000 0.000000 0.000000 1.000000
1.000000 0.000000 0.000000 0.000000 0.000000 1.000000 0.000000 0.402044 0.000000 0.000000 1.000000 -0.650000 0.000000 0.000000 0.000000 1.000000
1.000000 0.000000 0.000000 0.000000 0.000000 1.000000 0.000000 0.402044 0.000000 0.000000 1.000000 -0.650000 0.000000 0.000000 0.000000 1.000000
1.000000 0.000000 0.000000 0.000000 0.000000 1.000000 0.000000 0.402044 0.000000 0.000000 1.000000 -0.650000 0.000000 0.000000 0.000000 1.000000
1.000000 0.000000 0.000000 0.000000 0.000000 1.000000 0.000000 0.402044 0.000000 0.000000 1.000000 -0.650000 0.000000 0.000000 0.000000 1.000000
1.000000 0.000000 0.000000 0.000000 0.000000 1.000000 0.000000 0.402044 0.000000 0.000000 1.000000 -0.650000 0.000000 0.000000 0.000000 1.000000
1.000000 0.000000 0.000000 0.000000 0.000000 1.000000 0.000000 0.372804 0.000000 0.000000 1.000000 -0.650000 0.000000 0.000000 0.000000 1.000000
1.000000 0.000000 0.000000 0.000000 0.000000 1.000000 0.000000 0.303077 0.000000 0.000000 1.000000 -0.650000 0.000000 0.000000 0.000000 1.000000
1.000000 0.000000 0.000000 0.000000 0.000000 1.000000 0.000000 0.219855 0.000000 0.000000 1.000000 -0.650000 0.000000 0.000000 0.000000 1.000000
1.000000 0.000000 0.000000 0.000000 0.000000 1.000000 0.000000 0.150127 0.000000 0.000000 1.000000 -0.650000 0.000000 0.000000 0.000000 1.000000
1.000000 0.000000 0.000000 0.000000 0.000000 1.000000 0.000000 0.120887 0.000000 0.000000 1.000000 -0.650000 0.000000 0.000000 0.000000 1.000000
1.000000 0.000000 0.000000 0.000000 0.000000 1.000000 0.000000 0.150127 0.000000 0.000000 1.000000 -0.650000 0.000000 0.000000 0.000000 1.000000
1.000000 0.000000 0.000000 0.000000 0.000000 1.000000 0.000000 0.219855 0.000000 0.000000 1.000000 -0.650000 0.000000 0.000000 0.000000 1.000000
1.000000 0.000000 0.000000 0.000000 0.000000 1.000000 0.000000 0.303077 0.000000 0.000000 1.000000 -0.650000 0.000000 0.000000 0.000000 1.000000
1.000000 0.000000 0.000000 0.000000 0.000000 1.000000 0.000000 0.372804 0.000000 0.000000 1.000000 -0.650000 0.000000 0.000000 0.000000 1.000000
1.000000 0.000000 0.000000 0.000000 0.000000 1.000000 0.000000 0.402044 0.000000 0.000000 1.000000 -0.650000 0.000000 0.000000 0.000000 1.000000
1.000000 0.000000 0.000000 0.000000 0.000000 1.000000 0.000000 0.402044 0.000000 0.000000 1.000000 -0.650000 0.000000 0.000000 0.000000 1.000000
1.000000 0.000000 0.000000 0.000000 0.000000 1.000000 0.000000 0.402044 0.000000 0.000000 1.000000 -0.650000 0.000000 0.000000 0.000000 1.000000
1.000000 0.000000 0.000000 0.000000 0.000000 1.000000 0.000000 0.402044 0.000000 0.000000 1.000000 -0.650000 0.000000 0.000000 0.000000 1.000000
1.000000 0.000000 0.000000 0.000000 0.000000 1.000000 0.000000 0.402044 0.000000 0.000000 1.000000 -0.650000 0.000000 0.000000 0.000000 1.000000
1.000000 0.000000 0.000000 0.000000 0.000000 1.000000 0.000000 0.402044 0.000000 0.000000 1.000000 -0.650000 0.000000 0.000000 0.000000 1.000000
1.000000 0.000000 0.000000 0.000000 0.000000 1.000000 0.000000 0.402044 0.000000 0.000000 1.000000 -0.650000 0.000000 0.000000 0.000000 1.000000
1.000000 0.000000 0.000000 0.000000 0.000000 1.000000 0.000000 0.402044 0.000000 0.000000 1.000000 -0.650000 0.000000 0.000000 0.000000 1.000000
1.000000 0.000000 0.000000 0.000000 0.000000 1.000000 0.000000 0.402044 0.000000 0.000000 1.000000 -0.650000 0.000000 0.000000 0.000000 1.000000
1.000000 0.000000 0.000000 0.000000 0.000000 1.000000 0.000000 0.402044 0.000000 0.000000 1.000000 -0.650000 0.000000 0.000000 0.000000 1.000000
1.000000 0.000000 0.000000 0.000000 0.000000 1.000000 0.000000 0.402044 0.000000 0.000000 1.000000 -0.650000 0.000000 0.000000 0.000000 1.000000</float_array><technique_common><accessor source="#body_jnt-Matrix-animation-output-transform-array" count="61" stride="16"><param type="float4x4"/></accessor></technique_common></source><source id="body_jnt-Interpolations"><Name_array id="body_jnt-Interpolations-array" count="61">
 LINEAR LINEAR LINEAR LINEAR LINEAR LINEAR LINEAR LINEAR LINEAR LINEAR LINEAR
LINEAR LINEAR LINEAR LINEAR LINEAR LINEAR LINEAR LINEAR LINEAR LINEAR LINEAR LINEAR
LINEAR LINEAR LINEAR LINEAR LINEAR LINEAR LINEAR LINEAR LINEAR LINEAR LINEAR LINEAR
LINEAR LINEAR LINEAR LINEAR LINEAR LINEAR LINEAR LINEAR LINEAR LINEAR LINEAR LINEAR
LINEAR LINEAR LINEAR LINEAR LINEAR LINEAR LINEAR LINEAR LINEAR LINEAR LINEAR LINEAR
LINEAR LINEAR</Name_array><technique_common><accessor source="#body_jnt-Interpolations-array" count="61"><param type="name"/></accessor></technique_common></source><sampler id="body_jnt-Matrix-animation-transform"><input semantic="INPUT" source="#body_jnt-Matrix-animation-input"/><input semantic="OUTPUT" source="#body_jnt-Matrix-animation-output-transform"/><input semantic="INTERPOLATION" source="#body_jnt-Interpolations"/></sampler><channel source="#body_jnt-Matrix-animation-transform" target="body_jnt/matrix"/></animation></animation>
    <animation id="neck_jnt-anim" name="neck_jnt"><animation><source id="neck_jnt-Matrix-animation-input"><float_array id="neck_jnt-Matrix-animation-input-array" count="61">

0.000000 0.033333 0.066667 0.100000 0.133333 0.166667 0.200000 0.233333 0.266667 0.300000 0.333333 0.366667 0.400000 0.433333 0.466667 0.500000
0.533333 0.566667 0.600000 0.633333 0.666667 0.700000 0.733333 0.766667 0.800000 0.833333 0.866667 0.900000 0.933333 0.966667 1.000000 1.033333
1.066667 1.100000 1.133333 1.166667 1.200000 1.233333 1.266667 1.300000 1.333333 1.366667 1.400000 1.433333 1.466667 1.500000 1.533333 1.566667
1.600000 1.633333 1.666667 1.700000 1.733333 1.766667 1.800000 1.833333 1.866667 1.900000 1.933333 1.966667 2.000000</float_array><technique_common><accessor source="#neck_jnt-Matrix-animation-input-array" count="61"><param name="TIME" type="float"/></accessor></technique_common></source><source id="neck_jnt-Matrix-animation-output-transform"><float_array id="neck_jnt-Matrix-animation-output-transform-array" count="976">

0.000000 -0.000000 -1.000000 0.000000 0.602076 0.798439 0.000000 2.829885 0.798439 -0.602076 0.000000 2.063336 0.000000 0.000000 0.000000 1.000000
0.000011 -0.000004 -1.000000 0.000004 0.593190 0.805062 0.000004 2.842709 0.805062 -0.593190 0.000011 2.063336 0.000000 0.000000 0.000000 1.000000
0.000036 -0.000025 -1.000000 0.000015 0.573690 0.819072 -0.000000 2.878161 0.819072 -0.573690 0.000044 2.063336 0.000000 0.000000 0.000000 1.000000
0.000062 -0.000041 -1.000000 0.000032 0.553385 0.832925 0.000000 2.931717 0.832925 -0.553385 0.000074 2.063336 0.000000 0.000000 0.000000 1.000000
0.000082 -0.000052 -1.000000 0.000052 0.536652 0.843804 -0.000000 2.998850 0.843804 -0.536652 0.000098 2.063336 0.000000 0.000000 0.000000 1.000000
0.000098 -0.000060 -1.000000 0.000076 0.524029 0.851700 -0.000000 3.075034 0.851700 -0.524029 0.000115 2.063336 0.000000 0.000000 0.000000 1.000000
0.000109 -0.000065 -1.000000 0.000101 0.514792 0.857315 -0.000000 3.155745 0.857315 -0.514792 0.000127 2.063336 0.000000 0.000000 0.000000 1.000000
0.000117 -0.000069 -1.000000 0.000126 0.508093 0.861302 0.000000 3.236455 0.861302 -0.508093 0.000136 2.063336 0.000000 0.000000 0.000000 1.000000
0.000123 -0.000071 -1.000000 0.000150 0.503266 0.864131 -0.000000 3.312640 0.864131 -0.503266 0.000142 2.063336 0.000000 0.000000 0.000000 1.000000
0.000127 -0.000073 -1.000000 0.000171 0.499847 0.866114 0.000000 3.379773 0.866114 -0.499847 0.000146 2.063336 0.000000 0.000000 0.000000 1.000000
0.000129 -0.000074 -1.000000 0.000187 0.497540 0.867441 0.000000 3.433329 0.867441 -0.497540 0.000149 2.063336 0.000000 0.000000 0.000000 1.000000
0.000131 -0.000075 -1.000000 0.000198 0.496179 0.868220 -0.000000 3.468781 0.868220 -0.496179 0.000151 2.063336 0.000000 0.000000 0.000000 1.000000
0.000132 -0.000075 -1.000000 0.000202 0.495715 0.868485 -0.000000 3.481604 0.868485 -0.495715 0.000151 2.063336 0.000000 0.000000 0.000000 1.000000
0.000132 -0.000075 -1.000000 0.000202 0.495715 0.868485 -0.000000 3.481604 0.868485 -0.495715 0.000151 2.063336 0.000000 0.000000 0.000000 1.000000
0.000132 -0.000075 -1.000000 0.000202 0.495715 0.868485 -0.000000 3.481604 0.868485 -0.495715 0.000151 2.063336 0.000000 0.000000 0.000000 1.000000
0.000132 -0.000075 -1.000000 0.000202 0.495715 0.868485 -0.000000 3.481604 0.868485 -0.495715 0.000151 2.063336 0.000000 0.000000 0.000000 1.000000
0.000132 -0.000075 -1.000000 0.000202 0.495715 0.868485 -0.000000 3.481604 0.868485 -0.495715 0.000151 2.063336 0.000000 0.000000 0.000000 1.000000
0.000132 -0.000075 -1.000000 0.000202 0.495715 0.868485 -0.000000 3.481604 0.868485 -0.495715 0.000151 2.063336 0.000000 0.000000 0.000000 1.000000
0.000132 -0.000075 -1.000000 0.000202 0.495715 0.868485 -0.000000 3.481604 0.868485 -0.495715 0.000151 2.063336 0.000000 0.000000 0.000000 1.000000
0.000132 -0.000075 -1.000000 0.000202 0.495715 0.868485 -0.000000 3.481604 0.868485 -0.495715 0.000151 2.063336 0.000000 0.000000 0.000000 1.000000
0.000132 -0.000075 -1.000000 0.000202 0.495715 0.868485 -0.000000 3.481604 0.868485 -0.495715 0.000151 2.063336 0.000000 0.000000 0.000000 1.000000
0.000132 -0.000075 -1.000000 0.000202 0.495715 0.868485 -0.000000 3.481604 0.868485 -0.495715 0.000151 2.063336 0.000000 0.000000 0.000000 1.000000
0.000132 -0.000075 -1.000000 0.000202 0.495715 0.868485 -0.000000 3.481604 0.868485 -0.495715 0.000151 2.063336 0.000000 0.000000 0.000000 1.000000
0.000132 -0.000075 -1.000000 0.000202 0.495715 0.868485 -0.000000 3.481604 0.868485 -0.495715 0.000151 2.063336 0.000000 0.000000 0.000000 1.000000
0.000132 -0.000075 -1.000000 0.000202 0.495715 0.868485 -0.000000 3.481604 0.868485 -0.495715 0.000151 2.063336 0.000000 0.000000 0.000000 1.000000
0.000132 -0.000075 -1.000000 0.000202 0.495715 0.868485 -0.000000 3.481604 0.868485 -0.495715 0.000151 2.063336 0.000000 0.000000 0.000000 1.000000
0.000132 -0.000075 -1.000000 0.000202 0.495715 0.868485 -0.000000 3.481604 0.868485 -0.495715 0.000151 2.063336 0.000000 0.000000 0.000000 1.000000
0.000132 -0.000075 -1.000000 0.000202 0.495715 0.868485 -0.000000 3.481604 0.868485 -0.495715 0.000151 2.063336 0.000000 0.000000 0.000000 1.000000
0.000132 -0.000075 -1.000000 0.000202 0.495715 0.868485 -0.000000 3.481604 0.868485 -0.495715 0.000151 2.063336 0.000000 0.000000 0.000000 1.000000
0.000132 -0.000075 -1.000000 0.000202 0.495715 0.868485 -0.000000 3.481604 0.868485 -0.495715 0.000151 2.063336 0.000000 0.000000 0.000000 1.000000
0.000132 -0.000075 -1.000000 0.000202 0.495715 0.868485 -0.000000 3.481604 0.868485 -0.495715 0.000151 2.063336 0.000000 0.000000 0.000000 1.000000
0.000132 -0.000075 -1.000000 0.000202 0.495715 0.868485 -0.000000 3.481604 0.868485 -0.495715 0.000151 2.063336 0.000000 0.000000 0.000000 1.000000
0.000132 -0.000075 -1.000000 0.000202 0.495715 0.868485 -0.000000 3.481604 0.868485 -0.495715 0.000151 2.063336 0.000000 0.000000 0.000000 1.000000
0.000132 -0.000075 -1.000000 0.000194 0.495715 0.868485 -0.000000 3.466237 0.868485 -0.495715 0.000151 2.063336 0.000000 0.000000 0.000000 1.000000
0.000132 -0.000075 -1.000000 0.000171 0.495715 0.868485 -0.000000 3.423099 0.868485 -0.495715 0.000151 2.063336 0.000000 0.000000 0.000000 1.000000
0.000132 -0.000075 -1.000000 0.000138 0.495715 0.868485 -0.000000 3.356632 0.868485 -0.495715 0.000151 2.063336 0.000000 0.000000 0.000000 1.000000
0.000132 -0.000075 -1.000000 0.000101 0.495715 0.868485 -0.000000 3.271280 0.868485 -0.495715 0.000151 2.063336 0.000000 0.000000 0.000000 1.000000
0.000132 -0.000075 -1.000000 0.000064 0.495715 0.868485 -0.000000 3.171486 0.868485 -0.495715 0.000151 2.063336 0.000000 0.000000 0.000000 1.000000
0.000132 -0.000075 -1.000000 0.000032 0.495715 0.868485 -0.000000 3.061694 0.868485 -0.495715 0.000151 2.063336 0.000000 0.000000 0.000000 1.000000
0.000132 -0.000075 -1.000000 0.000009 0.495715 0.868485 -0.000000 2.946346 0.868485 -0.495715 0.000151 2.063336 0.000000 0.000000 0.000000 1.000000
0.000132 -0.000075 -1.000000 0.000000 0.495715 0.868485 -0.000000 2.829885 0.868485 -0.495715 0.000151 2.063336 0.000000 0.000000 0.000000 1.000000
0.000132 -0.000075 -1.000000 0.000000 0.495715 0.868485 -0.000000 2.549186 0.868485 -0.495715 0.000151 2.063336 0.000000 0.000000 0.000000 1.000000
0.000132 -0.000075 -1.000000 0.000000 0.495715 0.868485 -0.000000 2.326254 0.868485 -0.495715 0.000151 2.063336 0.000000 0.000000 0.000000 1.000000
0.000131 -0.000075 -1.000000 0.000000 0.495923 0.868366 -0.000000 2.404946 0.868366 -0.495923 0.000151 2.063336 0.000000 0.000000 0.000000 1.000000
0.000131 -0.000075 -1.000000 0.000000 0.496533 0.868018 0.000000 2.578070 0.868018 -0.496533 0.000150 2.063336 0.000000 0.000000 0.000000 1.000000
0.000129 -0.000074 -1.000000 0.000000 0.497540 0.867441 0.000000 2.751193 0.867441 -0.497540 0.000149 2.063336 0.000000 0.000000 0.000000 1.000000
0.000128 -0.000074 -1.000000 0.000000 0.498965 0.866622 -0.000000 2.829885 0.866622 -0.498965 0.000147 2.063336 0.000000 0.000000 0.000000 1.000000
0.000125 -0.000073 -1.000000 0.000000 0.500852 0.865533 0.000000 2.829885 0.865533 -0.500852 0.000145 2.063336 0.000000 0.000000 0.000000 1.000000
0.000123 -0.000071 -1.000000 0.000000 0.503266 0.864131 -0.000000 2.829885 0.864131 -0.503266 0.000142 2.063336 0.000000 0.000000 0.000000 1.000000
0.000119 -0.000070 -1.000000 0.000000 0.506303 0.862356 0.000000 2.829885 0.862356 -0.506303 0.000138 2.063336 0.000000 0.000000 0.000000 1.000000
0.000114 -0.000068 -1.000000 0.000000 0.510090 0.860121 0.000000 2.829885 0.860121 -0.510090 0.000133 2.063336 0.000000 0.000000 0.000000 1.000000
0.000109 -0.000065 -1.000000 0.000000 0.514792 0.857315 -0.000000 2.829885 0.857315 -0.514792 0.000127 2.063336 0.000000 0.000000 0.000000 1.000000
0.000102 -0.000062 -1.000000 0.000000 0.520618 0.853790 0.000000 2.829885 0.853790 -0.520618 0.000119 2.063336 0.000000 0.000000 0.000000 1.000000
0.000093 -0.000058 -1.000000 0.000000 0.527816 0.849359 0.000000 2.829885 0.849359 -0.527816 0.000110 2.063336 0.000000 0.000000 0.000000 1.000000
0.000082 -0.000052 -1.000000 0.000000 0.536652 0.843804 -0.000000 2.829885 0.843804 -0.536652 0.000098 2.063336 0.000000 0.000000 0.000000 1.000000
0.000069 -0.000045 -1.000000 0.000000 0.547336 0.836913 0.000000 2.829885 0.836913 -0.547336 0.000083 2.063336 0.000000 0.000000 0.000000 1.000000
0.000054 -0.000036 -1.000000 0.000000 0.559862 0.828586 -0.000000 2.829885 0.828586 -0.559862 0.000065 2.063336 0.000000 0.000000 0.000000 1.000000
0.000036 -0.000025 -1.000000 0.000000 0.573690 0.819072 -0.000000 2.829885 0.819072 -0.573690 0.000044 2.063336 0.000000 0.000000 0.000000 1.000000
0.000019 -0.000006 -1.000000 0.000000 0.587297 0.809372 0.000006 2.829885 0.809372 -0.587297 0.000019 2.063336 0.000000 0.000000 0.000000 1.000000
0.000005 -0.000002 -1.000000 0.000000 0.597903 0.801569 0.000002 2.829885 0.801569 -0.597903 0.000005 2.063336 0.000000 0.000000 0.000000 1.000000
0.000000 -0.000000 -1.000000 0.000000 0.602076 0.798439 0.000000 2.829885 0.798439 -0.602076 0.000000 2.063336 0.000000 0.000000 0.000000 1.000000</float_array><technique_common><accessor source="#neck_jnt-Matrix-animation-output-transform-array" count="61" stride="16"><param type="float4x4"/></accessor></technique_common></source><source id="neck_jnt-Interpolations"><Name_array id="neck_jnt-Interpolations-array" count="61">
 LINEAR LINEAR LINEAR LINEAR LINEAR LINEAR LINEAR LINEAR LINEAR LINEAR LINEAR
LINEAR LINEAR LINEAR LINEAR LINEAR LINEAR LINEAR LINEAR LINEAR LINEAR LINEAR LINEAR
LINEAR LINEAR LINEAR LINEAR LINEAR LINEAR LINEAR LINEAR LINEAR LINEAR LINEAR LINEAR
LINEAR LINEAR LINEAR LINEAR LINEAR LINEAR LINEAR LINEAR LINEAR LINEAR LINEAR LINEAR
LINEAR LINEAR LINEAR LINEAR LINEAR LINEAR LINEAR LINEAR LINEAR LINEAR LINEAR LINEAR
LINEAR LINEAR</Name_array><technique_common><accessor source="#neck_jnt-Interpolations-array" count="61"><param type="name"/></accessor></technique_common></source><sampler id="neck_jnt-Matrix-animation-transform"><input semantic="INPUT" source="#neck_jnt-Matrix-animation-input"/><input semantic="OUTPUT" source="#neck_jnt-Matrix-animation-output-transform"/><input semantic="INTERPOLATION" source="#neck_jnt-Interpolations"/></sampler><channel source="#neck_jnt-Matrix-animation-transform" target="neck_jnt/matrix"/></animation></animation>
    <animation id="head_jnt-anim" name="head_jnt"><animation><source id="head_jnt-Matrix-animation-input"><float_array id="head_jnt-Matrix-animation-input-array" count="61">

0.000000 0.033333 0.066667 0.100000 0.133333 0.166667 0.200000 0.233333 0.266667 0.300000 0.333333 0.366667 0.400000 0.433333 0.466667 0.500000
0.533333 0.566667 0.600000 0.633333 0.666667 0.700000 0.733333 0.766667 0.800000 0.833333 0.866667 0.900000 0.933333 0.966667 1.000000 1.033333
1.066667 1.100000 1.133333 1.166667 1.200000 1.233333 1.266667 1.300000 1.333333 1.366667 1.400000 1.433333 1.466667 1.500000 1.533333 1.566667
1.600000 1.633333 1.666667 1.700000 1.733333 1.766667 1.800000 1.833333 1.866667 1.900000 1.933333 1.966667 2.000000</float_array><technique_common><accessor source="#head_jnt-Matrix-animation-input-array" count="61"><param name="TIME" type="float"/></accessor></technique_common></source><source id="head_jnt-Matrix-animation-output-transform"><float_array id="head_jnt-Matrix-animation-output-transform-array" count="976">

0.811577 0.584246 -0.000000 1.569001 -0.584246 0.811577 -0.000000 0.000000 0.000000 0.000000 1.000000 0.000000 0.000000 0.000000 0.000000 1.000000
0.807368 0.590030 0.004640 1.569001 -0.590037 0.807376 0.000146 0.000000 -0.003660 -0.002855 0.999989 0.000000 0.000000 0.000000 0.000000 1.000000
0.791366 0.611094 0.017457 1.569001 -0.611200 0.791475 0.000979 0.000000 -0.013219 -0.011444 0.999847 0.000000 0.000000 0.000000 0.000000 1.000000
0.758282 0.650889 0.036770 1.569001 -0.651409 0.758721 0.002952 0.000000 -0.025976 -0.026191 0.999319 0.000000 0.000000 0.000000 0.000000 1.000000
0.705880 0.705709 0.060894 1.569001 -0.707270 0.706917 0.006079 0.000000 -0.038757 -0.047360 0.998126 0.000000 0.000000 0.000000 0.000000 1.000000
0.635086 0.767394 0.088162 1.569001 -0.770922 0.636850 0.010064 0.000000 -0.048423 -0.074358 0.996055 0.000000 0.000000 0.000000 0.000000 1.000000
0.549510 0.827265 0.116924 1.569001 -0.833835 0.551822 0.014518 0.000000 -0.052510 -0.105473 0.993035 0.000000 0.000000 0.000000 0.000000 1.000000
0.455126 0.878452 0.145544 1.569001 -0.889031 0.457450 0.019060 0.000000 -0.049836 -0.138068 0.989168 0.000000 0.000000 0.000000 0.000000 1.000000
0.359660 0.917016 0.172415 1.569001 -0.932188 0.361222 0.023342 -0.000000 -0.040875 -0.169118 0.984748 0.000000 0.000000 0.000000 0.000000 1.000000
0.271670 0.942228 0.195962 1.569001 -0.961990 0.271739 0.027069 -0.000000 -0.027745 -0.195867 0.980238 0.000000 0.000000 0.000000 0.000000 1.000000
0.199628 0.956072 0.214650 1.569001 -0.979775 0.197844 0.029991 0.000000 -0.013794 -0.216296 0.976230 0.000000 0.000000 0.000000 0.000000 1.000000
0.151328 0.962073 0.226971 1.569001 -0.988479 0.147958 0.031893 0.000000 -0.002898 -0.229182 0.973379 0.000000 0.000000 0.000000 0.000000 1.000000
0.133776 0.963613 0.231417 1.569001 -0.991011 0.129756 0.032575 0.000000 0.001362 -0.233694 0.972309 0.000000 0.000000 0.000000 0.000000 1.000000
0.138695 0.969346 0.202809 1.569001 -0.990335 0.135729 0.028526 0.000000 0.000125 -0.204805 0.978803 0.000000 0.000000 0.000000 0.000000 1.000000
0.149794 0.980591 0.126503 1.569001 -0.988715 0.148832 0.017081 0.000000 -0.002078 -0.127634 0.991819 0.000000 0.000000 0.000000 0.000000 1.000000
0.160650 0.986860 0.017267 1.569001 -0.987007 0.160679 -0.000282 0.000000 -0.003053 -0.016997 0.999851 0.000000 0.000000 0.000000 0.000000 1.000000
0.165779 0.980214 -0.108161 1.569001 -0.986161 0.164540 -0.020344 0.000000 -0.002145 0.110036 0.993925 0.000000 0.000000 0.000000 0.000000 1.000000
0.162830 0.959076 -0.231647 1.569001 -0.986654 0.158173 -0.038668 0.000000 -0.000445 0.234852 0.972031 0.000000 0.000000 0.000000 0.000000 1.000000
0.153600 0.929232 -0.336057 1.569001 -0.988133 0.144630 -0.051725 0.000000 0.000539 0.340014 0.940420 0.000000 0.000000 0.000000 0.000000 1.000000
0.143365 0.902003 -0.407232 1.569001 -0.989670 0.130834 -0.058620 0.000000 0.000404 0.411429 0.911442 0.000000 0.000000 0.000000 0.000000 1.000000
0.138694 0.890401 -0.433532 1.569001 -0.990335 0.124739 -0.060631 0.000000 0.000093 0.437751 0.899096 0.000000 0.000000 0.000000 0.000000 1.000000
0.138996 0.894493 -0.424927 1.569001 -0.990293 0.125485 -0.059780 0.000000 -0.000151 0.429111 0.903252 0.000000 0.000000 0.000000 0.000000 1.000000
0.139461 0.904673 -0.402638 1.569001 -0.990227 0.127139 -0.057320 0.000000 -0.000665 0.406697 0.913563 0.000000 0.000000 0.000000 0.000000 1.000000
0.139392 0.917728 -0.371948 1.569001 -0.990237 0.128770 -0.053382 0.000000 -0.001094 0.375758 0.926717 0.000000 0.000000 0.000000 0.000000 1.000000
0.138374 0.930779 -0.338384 1.569001 -0.990379 0.129673 -0.048306 0.000000 -0.001083 0.341812 0.939768 0.000000 0.000000 0.000000 0.000000 1.000000
0.136485 0.941601 -0.307829 1.569001 -0.990642 0.129616 -0.042754 0.000000 -0.000358 0.310783 0.950481 0.000000 0.000000 0.000000 0.000000 1.000000
0.134245 0.948644 -0.286448 1.569001 -0.990947 0.128866 -0.037640 0.000000 0.001206 0.288908 0.957356 0.000000 0.000000 0.000000 0.000000 1.000000
0.132062 0.953280 -0.271693 1.569001 -0.991235 0.128003 -0.032692 0.000000 0.003612 0.273629 0.961828 0.000000 0.000000 0.000000 0.000000 1.000000
0.130010 0.957661 -0.256871 1.569001 -0.991489 0.127352 -0.027031 0.000000 0.006826 0.258200 0.966067 0.000000 0.000000 0.000000 0.000000 1.000000
0.128309 0.961748 -0.242029 1.569001 -0.991675 0.127078 -0.020759 0.000000 0.010792 0.242677 0.970047 0.000000 0.000000 0.000000 0.000000 1.000000
0.127183 0.965505 -0.227211 1.569001 -0.991759 0.127351 -0.013980 0.000000 0.015437 0.227116 0.973745 0.000000 0.000000 0.000000 0.000000 1.000000
0.126853 0.968900 -0.212465 1.569001 -0.991706 0.128348 -0.006802 0.000000 0.020679 0.211565 0.977145 0.000000 0.000000 0.000000 0.000000 1.000000
0.127544 0.971902 -0.197838 1.569001 -0.991481 0.130250 0.000671 0.000000 0.026420 0.196067 0.980235 0.000000 0.000000 0.000000 0.000000 1.000000
0.128785 0.974570 -0.183378 1.569001 -0.991142 0.132542 0.008328 0.000000 0.032421 0.180681 0.983007 0.000000 0.000000 0.000000 0.000000 1.000000
