<?xml version="1.0" encoding="utf-8"?>
<COLLADA xmlns="http://www.collada.org/2005/11/COLLADASchema" version="1.4.1">
  <asset><contributor><author></author><authoring_tool>FBX COLLADA exporter</authoring_tool><comments></comments></contributor><created>2018-12-11T13:50:45Z</created><keywords></keywords><modified>2018-12-11T13:50:45Z</modified><revision></revision><subject></subject><title></title><unit meter="0.010000" name="centimeter"></unit><up_axis>Y_UP</up_axis></asset>
  <library_animations>
    <animation id="root_jnt-anim" name="root_jnt"><animation><source id="root_jnt-Matrix-animation-input"><float_array id="root_jnt-Matrix-animation-input-array" count="121">

0.000000 0.033333 0.066667 0.100000 0.133333 0.166667 0.200000 0.233333 0.266667 0.300000 0.333333 0.366667 0.400000 0.433333 0.466667 0.500000
0.533333 0.566667 0.600000 0.633333 0.666667 0.700000 0.733333 0.766667 0.800000 0.833333 0.866667 0.900000 0.933333 0.966667 1.000000 1.033333
1.066667 1.100000 1.133333 1.166667 1.200000 1.233333 1.266667 1.300000 1.333333 1.366667 1.400000 1.433333 1.466667 1.500000 1.533333 1.566667
1.600000 1.633333 1.666667 1.700000 1.733333 1.766667 1.800000 1.833333 1.866667 1.900000 1.933333 1.966667 2.000000 2.033333 2.066667 2.100000
2.133333 2.166667 2.200000 2.233333 2.266667 2.300000 2.333333 2.366667 2.400000 2.433333 2.466667 2.500000 2.533333 2.566667 2.600000 2.633333
2.666667 2.700000 2.733333 2.766667 2.800000 2.833333 2.866667 2.900000 2.933333 2.966667 3.000000 3.033333 3.066667 3.100000 3.133333 3.166667
3.200000 3.233333 3.266667 3.300000 3.333333 3.366667 3.400000 3.433333 3.466667 3.500000 3.533333 3.566667 3.600000 3.633333 3.666667 3.700000
3.733333 3.766667 3.800000 3.833333 3.866667 3.900000 3.933333 3.966667 4.000000</float_array><technique_common><accessor source="#root_jnt-Matrix-animation-input-array" count="121"><param name="TIME" type="float"/></accessor></technique_common></source><source id="root_jnt-Matrix-animation-output-transform"><float_array id="root_jnt-Matrix-animation-output-transform-array" count="1936">

1.000000 0.000000 0.000000 0.000000 0.000000 1.000000 0.000000 0.000000 0.000000 0.000000 1.000000 0.000000 0.000000 0.000000 0.000000 1.000000
1.000000 0.000000 0.000000 0.000000 0.000000 1.000000 0.000000 0.000000 0.000000 0.000000 1.000000 0.000000 0.000000 0.000000 0.000000 1.000000
1.000000 0.000000 0.000000 0.000000 0.000000 1.000000 0.000000 0.000000 0.000000 0.000000 1.000000 0.000000 0.000000 0.000000 0.000000 1.000000
1.000000 0.000000 0.000000 0.000000 0.000000 1.000000 0.000000 0.000000 0.000000 0.000000 1.000000 0.000000 0.000000 0.000000 0.000000 1.000000
1.000000 0.000000 0.000000 0.000000 0.000000 1.000000 0.000000 0.000000 0.000000 0.000000 1.000000 0.000000 0.000000 0.000000 0.000000 1.000000
1.000000 0.000000 0.000000 0.000000 0.000000 1.000000 0.000000 0.000000 0.000000 0.000000 1.000000 0.000000 0.000000 0.000000 0.000000 1.000000
1.000000 0.000000 0.000000 0.000000 0.000000 1.000000 0.000000 0.000000 0.000000 0.000000 1.000000 0.000000 0.000000 0.000000 0.000000 1.000000
1.000000 0.000000 0.000000 0.000000 0.000000 1.000000 0.000000 0.000000 0.000000 0.000000 1.000000 0.000000 0.000000 0.000000 0.000000 1.000000
1.000000 0.000000 0.000000 0.000000 0.000000 1.000000 0.000000 0.000000 0.000000 0.000000 1.000000 0.000000 0.000000 0.000000 0.000000 1.000000
1.000000 0.000000 0.000000 0.000000 0.000000 1.000000 0.000000 0.000000 0.000000 0.000000 1.000000 0.000000 0.000000 0.000000 0.000000 1.000000
1.000000 0.000000 0.000000 0.000000 0.000000 1.000000 0.000000 0.000000 0.000000 0.000000 1.000000 0.000000 0.000000 0.000000 0.000000 1.000000
1.000000 0.000000 0.000000 0.000000 0.000000 1.000000 0.000000 0.000000 0.000000 0.000000 1.000000 0.000000 0.000000 0.000000 0.000000 1.000000
1.000000 0.000000 0.000000 0.000000 0.000000 1.000000 0.000000 0.000000 0.000000 0.000000 1.000000 0.000000 0.000000 0.000000 0.000000 1.000000
1.000000 0.000000 0.000000 0.000000 0.000000 1.000000 0.000000 0.000000 0.000000 0.000000 1.000000 0.000000 0.000000 0.000000 0.000000 1.000000
1.000000 0.000000 0.000000 0.000000 0.000000 1.000000 0.000000 0.000000 0.000000 0.000000 1.000000 0.000000 0.000000 0.000000 0.000000 1.000000
1.000000 0.000000 0.000000 0.000000 0.000000 1.000000 0.000000 0.000000 0.000000 0.000000 1.000000 0.000000 0.000000 0.000000 0.000000 1.000000
1.000000 0.000000 0.000000 0.000000 0.000000 1.000000 0.000000 0.000000 0.000000 0.000000 1.000000 0.000000 0.000000 0.000000 0.000000 1.000000
1.000000 0.000000 0.000000 0.000000 0.000000 1.000000 0.000000 0.000000 0.000000 0.000000 1.000000 0.000000 0.000000 0.000000 0.000000 1.000000
1.000000 0.000000 0.000000 0.000000 0.000000 1.000000 0.000000 0.000000 0.000000 0.000000 1.000000 0.000000 0.000000 0.000000 0.000000 1.000000
1.000000 0.000000 0.000000 0.000000 0.000000 1.000000 0.000000 0.000000 0.000000 0.000000 1.000000 0.000000 0.000000 0.000000 0.000000 1.000000
1.000000 0.000000 0.000000 0.000000 0.000000 1.000000 0.000000 0.000000 0.000000 0.000000 1.000000 0.000000 0.000000 0.000000 0.000000 1.000000
1.000000 0.000000 0.000000 0.000000 0.000000 1.000000 0.000000 0.000000 0.000000 0.000000 1.000000 0.000000 0.000000 0.000000 0.000000 1.000000
1.000000 0.000000 0.000000 0.000000 0.000000 1.000000 0.000000 0.000000 0.000000 0.000000 1.000000 0.000000 0.000000 0.000000 0.000000 1.000000
1.000000 0.000000 0.000000 0.000000 0.000000 1.000000 0.000000 0.000000 0.000000 0.000000 1.000000 0.000000 0.000000 0.000000 0.000000 1.000000
1.000000 0.000000 0.000000 0.000000 0.000000 1.000000 0.000000 0.000000 0.000000 0.000000 1.000000 0.000000 0.000000 0.000000 0.000000 1.000000
1.000000 0.000000 0.000000 0.000000 0.000000 1.000000 0.000000 0.000000 0.000000 0.000000 1.000000 0.000000 0.000000 0.000000 0.000000 1.000000
1.000000 0.000000 0.000000 0.000000 0.000000 1.000000 0.000000 0.000000 0.000000 0.000000 1.000000 0.000000 0.000000 0.000000 0.000000 1.000000
1.000000 0.000000 0.000000 0.000000 0.000000 1.000000 0.000000 0.000000 0.000000 0.000000 1.000000 0.000000 0.000000 0.000000 0.000000 1.000000
1.000000 0.000000 0.000000 0.000000 0.000000 1.000000 0.000000 0.000000 0.000000 0.000000 1.000000 0.000000 0.000000 0.000000 0.000000 1.000000
1.000000 0.000000 0.000000 0.000000 0.000000 1.000000 0.000000 0.000000 0.000000 0.000000 1.000000 0.000000 0.000000 0.000000 0.000000 1.000000
1.000000 0.000000 0.000000 0.000000 0.000000 1.000000 0.000000 0.000000 0.000000 0.000000 1.000000 0.000000 0.000000 0.000000 0.000000 1.000000
1.000000 0.000000 0.000000 0.000000 0.000000 1.000000 0.000000 0.000000 0.000000 0.000000 1.000000 0.000000 0.000000 0.000000 0.000000 1.000000
1.000000 0.000000 0.000000 0.000000 0.000000 1.000000 0.000000 0.000000 0.000000 0.000000 1.000000 0.000000 0.000000 0.000000 0.000000 1.000000
1.000000 0.000000 0.000000 0.000000 0.000000 1.000000 0.000000 0.000000 0.000000 0.000000 1.000000 0.000000 0.000000 0.000000 0.000000 1.000000
1.000000 0.000000 0.000000 0.000000 0.000000 1.000000 0.000000 0.000000 0.000000 0.000000 1.000000 0.000000 0.000000 0.000000 0.000000 1.000000
1.000000 0.000000 0.000000 0.000000 0.000000 1.000000 0.000000 0.000000 0.000000 0.000000 1.000000 0.000000 0.000000 0.000000 0.000000 1.000000
1.000000 0.000000 0.000000 0.000000 0.000000 1.000000 0.000000 0.000000 0.000000 0.000000 1.000000 0.000000 0.000000 0.000000 0.000000 1.000000
1.000000 0.000000 0.000000 0.000000 0.000000 1.000000 0.000000 0.000000 0.000000 0.000000 1.000000 0.000000 0.000000 0.000000 0.000000 1.000000
1.000000 0.000000 0.000000 0.000000 0.000000 1.000000 0.000000 0.000000 0.000000 0.000000 1.000000 0.000000 0.000000 0.000000 0.000000 1.000000
1.000000 0.000000 0.000000 0.000000 0.000000 1.000000 0.000000 0.000000 0.000000 0.000000 1.000000 0.000000 0.000000 0.000000 0.000000 1.000000
1.000000 0.000000 0.000000 0.000000 0.000000 1.000000 0.000000 0.000000 0.000000 0.000000 1.000000 0.000000 0.000000 0.000000 0.000000 1.000000
1.000000 0.000000 0.000000 0.000000 0.000000 1.000000 0.000000 0.000000 0.000000 0.000000 1.000000 0.000000 0.000000 0.000000 0.000000 1.000000
1.000000 0.000000 0.000000 0.000000 0.000000 1.000000 0.000000 0.000000 0.000000 0.000000 1.000000 0.000000 0.000000 0.000000 0.000000 1.000000
1.000000 0.000000 0.000000 0.000000 0.000000 1.000000 0.000000 0.000000 0.000000 0.000000 1.000000 0.000000 0.000000 0.000000 0.000000 1.000000
1.000000 0.000000 0.000000 0.000000 0.000000 1.000000 0.000000 0.000000 0.000000 0.000000 1.000000 0.000000 0.000000 0.000000 0.000000 1.000000
1.000000 0.000000 0.000000 0.000000 0.000000 1.000000 0.000000 0.000000 0.000000 0.000000 1.000000 0.000000 0.000000 0.000000 0.000000 1.000000
1.000000 0.000000 0.000000 0.000000 0.000000 1.000000 0.000000 0.000000 0.000000 0.000000 1.000000 0.000000 0.000000 0.000000 0.000000 1.000000
1.000000 0.000000 0.000000 0.000000 0.000000 1.000000 0.000000 0.000000 0.000000 0.000000 1.000000 0.000000 0.000000 0.000000 0.000000 1.000000
1.000000 0.000000 0.000000 0.000000 0.000000 1.000000 0.000000 0.000000 0.000000 0.000000 1.000000 0.000000 0.000000 0.000000 0.000000 1.000000
1.000000 0.000000 0.000000 0.000000 0.000000 1.000000 0.000000 0.000000 0.000000 0.000000 1.000000 0.000000 0.000000 0.000000 0.000000 1.000000
1.000000 0.000000 0.000000 0.000000 0.000000 1.000000 0.000000 0.000000 0.000000 0.000000 1.000000 0.000000 0.000000 0.000000 0.000000 1.000000
1.000000 0.000000 0.000000 0.000000 0.000000 1.000000 0.000000 0.000000 0.000000 0.000000 1.000000 0.000000 0.000000 0.000000 0.000000 1.000000
1.000000 0.000000 0.000000 0.000000 0.000000 1.000000 0.000000 0.000000 0.000000 0.000000 1.000000 0.000000 0.000000 0.000000 0.000000 1.000000
1.000000 0.000000 0.000000 0.000000 0.000000 1.000000 0.000000 0.000000 0.000000 0.000000 1.000000 0.000000 0.000000 0.000000 0.000000 1.000000
1.000000 0.000000 0.000000 0.000000 0.000000 1.000000 0.000000 0.000000 0.000000 0.000000 1.000000 0.000000 0.000000 0.000000 0.000000 1.000000
1.000000 0.000000 0.000000 0.000000 0.000000 1.000000 0.000000 0.000000 0.000000 0.000000 1.000000 0.000000 0.000000 0.000000 0.000000 1.000000
1.000000 0.000000 0.000000 0.000000 0.000000 1.000000 0.000000 0.000000 0.000000 0.000000 1.000000 0.000000 0.000000 0.000000 0.000000 1.000000
1.000000 0.000000 0.000000 0.000000 0.000000 1.000000 0.000000 0.000000 0.000000 0.000000 1.000000 0.000000 0.000000 0.000000 0.000000 1.000000
1.000000 0.000000 0.000000 0.000000 0.000000 1.000000 0.000000 0.000000 0.000000 0.000000 1.000000 0.000000 0.000000 0.000000 0.000000 1.000000
1.000000 0.000000 0.000000 0.000000 0.000000 1.000000 0.000000 0.000000 0.000000 0.000000 1.000000 0.000000 0.000000 0.000000 0.000000 1.000000
1.000000 0.000000 0.000000 0.000000 0.000000 1.000000 0.000000 0.000000 0.000000 0.000000 1.000000 0.000000 0.000000 0.000000 0.000000 1.000000
1.000000 0.000000 0.000000 0.000000 0.000000 1.000000 0.000000 0.000000 0.000000 0.000000 1.000000 0.000000 0.000000 0.000000 0.000000 1.000000
1.000000 0.000000 0.000000 0.000000 0.000000 1.000000 0.000000 0.000000 0.000000 0.000000 1.000000 0.000000 0.000000 0.000000 0.000000 1.000000
1.000000 0.000000 0.000000 0.000000 0.000000 1.000000 0.000000 0.000000 0.000000 0.000000 1.000000 0.000000 0.000000 0.000000 0.000000 1.000000
1.000000 0.000000 0.000000 0.000000 0.000000 1.000000 0.000000 0.000000 0.000000 0.000000 1.000000 0.000000 0.000000 0.000000 0.000000 1.000000
1.000000 0.000000 0.000000 0.000000 0.000000 1.000000 0.000000 0.000000 0.000000 0.000000 1.000000 0.000000 0.000000 0.000000 0.000000 1.000000
1.000000 0.000000 0.000000 0.000000 0.000000 1.000000 0.000000 0.000000 0.000000 0.000000 1.000000 0.000000 0.000000 0.000000 0.000000 1.000000
1.000000 0.000000 0.000000 0.000000 0.000000 1.000000 0.000000 0.000000 0.000000 0.000000 1.000000 0.000000 0.000000 0.000000 0.000000 1.000000
1.000000 0.000000 0.000000 0.000000 0.000000 1.000000 0.000000 0.000000 0.000000 0.000000 1.000000 0.000000 0.000000 0.000000 0.000000 1.000000
1.000000 0.000000 0.000000 0.000000 0.000000 1.000000 0.000000 0.000000 0.000000 0.000000 1.000000 0.000000 0.000000 0.000000 0.000000 1.000000
1.000000 0.000000 0.000000 0.000000 0.000000 1.000000 0.000000 0.000000 0.000000 0.000000 1.000000 0.000000 0.000000 0.000000 0.000000 1.000000
1.000000 0.000000 0.000000 0.000000 0.000000 1.000000 0.000000 0.000000 0.000000 0.000000 1.000000 0.000000 0.000000 0.000000 0.000000 1.000000
1.000000 0.000000 0.000000 0.000000 0.000000 1.000000 0.000000 0.000000 0.000000 0.000000 1.000000 0.000000 0.000000 0.000000 0.000000 1.000000
1.000000 0.000000 0.000000 0.000000 0.000000 1.000000 0.000000 0.000000 0.000000 0.000000 1.000000 0.000000 0.000000 0.000000 0.000000 1.000000
1.000000 0.000000 0.000000 0.000000 0.000000 1.000000 0.000000 0.000000 0.000000 0.000000 1.000000 0.000000 0.000000 0.000000 0.000000 1.000000
1.000000 0.000000 0.000000 0.000000 0.000000 1.000000 0.000000 0.000000 0.000000 0.000000 1.000000 0.000000 0.000000 0.000000 0.000000 1.000000
1.000000 0.000000 0.000000 0.000000 0.000000 1.000000 0.000000 0.000000 0.000000 0.000000 1.000000 0.000000 0.000000 0.000000 0.000000 1.000000
1.000000 0.000000 0.000000 0.000000 0.000000 1.000000 0.000000 0.000000 0.000000 0.000000 1.000000 0.000000 0.000000 0.000000 0.000000 1.000000
1.000000 0.000000 0.000000 0.000000 0.000000 1.000000 0.000000 0.000000 0.000000 0.000000 1.000000 0.000000 0.000000 0.000000 0.000000 1.000000
1.000000 0.000000 0.000000 0.000000 0.000000 1.000000 0.000000 0.000000 0.000000 0.000000 1.000000 0.000000 0.000000 0.000000 0.000000 1.000000
1.000000 0.000000 0.000000 0.000000 0.000000 1.000000 0.000000 0.000000 0.000000 0.000000 1.000000 0.000000 0.000000 0.000000 0.000000 1.000000
1.000000 0.000000 0.000000 0.000000 0.000000 1.000000 0.000000 0.000000 0.000000 0.000000 1.000000 0.000000 0.000000 0.000000 0.000000 1.000000
1.000000 0.000000 0.000000 0.000000 0.000000 1.000000 0.000000 0.000000 0.000000 0.000000 1.000000 0.000000 0.000000 0.000000 0.000000 1.000000
1.000000 0.000000 0.000000 0.000000 0.000000 1.000000 0.000000 0.000000 0.000000 0.000000 1.000000 0.000000 0.000000 0.000000 0.000000 1.000000
1.000000 0.000000 0.000000 0.000000 0.000000 1.000000 0.000000 0.000000 0.000000 0.000000 1.000000 0.000000 0.000000 0.000000 0.000000 1.000000
1.000000 0.000000 0.000000 0.000000 0.000000 1.000000 0.000000 0.000000 0.000000 0.000000 1.000000 0.000000 0.000000 0.000000 0.000000 1.000000
1.000000 0.000000 0.000000 0.000000 0.000000 1.000000 0.000000 0.000000 0.000000 0.000000 1.000000 0.000000 0.000000 0.000000 0.000000 1.000000
1.000000 0.000000 0.000000 0.000000 0.000000 1.000000 0.000000 0.000000 0.000000 0.000000 1.000000 0.000000 0.000000 0.000000 0.000000 1.000000
1.000000 0.000000 0.000000 0.000000 0.000000 1.000000 0.000000 0.000000 0.000000 0.000000 1.000000 0.000000 0.000000 0.000000 0.000000 1.000000
1.000000 0.000000 0.000000 0.000000 0.000000 1.000000 0.000000 0.000000 0.000000 0.000000 1.000000 0.000000 0.000000 0.000000 0.000000 1.000000
1.000000 0.000000 0.000000 0.000000 0.000000 1.000000 0.000000 0.000000 0.000000 0.000000 1.000000 0.000000 0.000000 0.000000 0.000000 1.000000
1.000000 0.000000 0.000000 0.000000 0.000000 1.000000 0.000000 0.000000 0.000000 0.000000 1.000000 0.000000 0.000000 0.000000 0.000000 1.000000
1.000000 0.000000 0.000000 0.000000 0.000000 1.000000 0.000000 0.000000 0.000000 0.000000 1.000000 0.000000 0.000000 0.000000 0.000000 1.000000
1.000000 0.000000 0.000000 0.000000 0.000000 1.000000 0.000000 0.000000 0.000000 0.000000 1.000000 0.000000 0.000000 0.000000 0.000000 1.000000
1.000000 0.000000 0.000000 0.000000 0.000000 1.000000 0.000000 0.000000 0.000000 0.000000 1.000000 0.000000 0.000000 0.000000 0.000000 1.000000
1.000000 0.000000 0.000000 0.000000 0.000000 1.000000 0.000000 0.000000 0.000000 0.000000 1.000000 0.000000 0.000000 0.000000 0.000000 1.000000
1.000000 0.000000 0.000000 0.000000 0.000000 1.000000 0.000000 0.000000 0.000000 0.000000 1.000000 0.000000 0.000000 0.000000 0.000000 1.000000
1.000000 0.000000 0.000000 0.000000 0.000000 1.000000 0.000000 0.000000 0.000000 0.000000 1.000000 0.000000 0.000000 0.000000 0.000000 1.000000
1.000000 0.000000 0.000000 0.000000 0.000000 1.000000 0.000000 0.000000 0.000000 0.000000 1.000000 0.000000 0.000000 0.000000 0.000000 1.000000
1.000000 0.000000 0.000000 0.000000 0.000000 1.000000 0.000000 0.000000 0.000000 0.000000 1.000000 0.000000 0.000000 0.000000 0.000000 1.000000
1.000000 0.000000 0.000000 0.000000 0.000000 1.000000 0.000000 0.000000 0.000000 0.000000 1.000000 0.000000 0.000000 0.000000 0.000000 1.000000
1.000000 0.000000 0.000000 0.000000 0.000000 1.000000 0.000000 0.000000 0.000000 0.000000 1.000000 0.000000 0.000000 0.000000 0.000000 1.000000
1.000000 0.000000 0.000000 0.000000 0.000000 1.000000 0.000000 0.000000 0.000000 0.000000 1.000000 0.000000 0.000000 0.000000 0.000000 1.000000
1.000000 0.000000 0.000000 0.000000 0.000000 1.000000 0.000000 0.000000 0.000000 0.000000 1.000000 0.000000 0.000000 0.000000 0.000000 1.000000
1.000000 0.000000 0.000000 0.000000 0.000000 1.000000 0.000000 0.000000 0.000000 0.000000 1.000000 0.000000 0.000000 0.000000 0.000000 1.000000
1.000000 0.000000 0.000000 0.000000 0.000000 1.000000 0.000000 0.000000 0.000000 0.000000 1.000000 0.000000 0.000000 0.000000 0.000000 1.000000
1.000000 0.000000 0.000000 0.000000 0.000000 1.000000 0.000000 0.000000 0.000000 0.000000 1.000000 0.000000 0.000000 0.000000 0.000000 1.000000
1.000000 0.000000 0.000000 0.000000 0.000000 1.000000 0.000000 0.000000 0.000000 0.000000 1.000000 0.000000 0.000000 0.000000 0.000000 1.000000
1.000000 0.000000 0.000000 0.000000 0.000000 1.000000 0.000000 0.000000 0.000000 0.000000 1.000000 0.000000 0.000000 0.000000 0.000000 1.000000
1.000000 0.000000 0.000000 0.000000 0.000000 1.000000 0.000000 0.000000 0.000000 0.000000 1.000000 0.000000 0.000000 0.000000 0.000000 1.000000
1.000000 0.000000 0.000000 0.000000 0.000000 1.000000 0.000000 0.000000 0.000000 0.000000 1.000000 0.000000 0.000000 0.000000 0.000000 1.000000
1.000000 0.000000 0.000000 0.000000 0.000000 1.000000 0.000000 0.000000 0.000000 0.000000 1.000000 0.000000 0.000000 0.000000 0.000000 1.000000
1.000000 0.000000 0.000000 0.000000 0.000000 1.000000 0.000000 0.000000 0.000000 0.000000 1.000000 0.000000 0.000000 0.000000 0.000000 1.000000
1.000000 0.000000 0.000000 0.000000 0.000000 1.000000 0.000000 0.000000 0.000000 0.000000 1.000000 0.000000 0.000000 0.000000 0.000000 1.000000
1.000000 0.000000 0.000000 0.000000 0.000000 1.000000 0.000000 0.000000 0.000000 0.000000 1.000000 0.000000 0.000000 0.000000 0.000000 1.000000
1.000000 0.000000 0.000000 0.000000 0.000000 1.000000 0.000000 0.000000 0.000000 0.000000 1.000000 0.000000 0.000000 0.000000 0.000000 1.000000
1.000000 0.000000 0.000000 0.000000 0.000000 1.000000 0.000000 0.000000 0.000000 0.000000 1.000000 0.000000 0.000000 0.000000 0.000000 1.000000
1.000000 0.000000 0.000000 0.000000 0.000000 1.000000 0.000000 0.000000 0.000000 0.000000 1.000000 0.000000 0.000000 0.000000 0.000000 1.000000
1.000000 0.000000 0.000000 0.000000 0.000000 1.000000 0.000000 0.000000 0.000000 0.000000 1.000000 0.000000 0.000000 0.000000 0.000000 1.000000
1.000000 0.000000 0.000000 0.000000 0.000000 1.000000 0.000000 0.000000 0.000000 0.000000 1.000000 0.000000 0.000000 0.000000 0.000000 1.000000
1.000000 0.000000 0.000000 0.000000 0.000000 1.000000 0.000000 0.000000 0.000000 0.000000 1.000000 0.000000 0.000000 0.000000 0.000000 1.000000</float_array><technique_common><accessor source="#root_jnt-Matrix-animation-output-transform-array" count="121" stride="16"><param type="float4x4"/></accessor></technique_common></source><source id="root_jnt-Interpolations"><Name_array id="root_jnt-Interpolations-array" count="121">
 LINEAR LINEAR LINEAR LINEAR LINEAR LINEAR LINEAR LINEAR LINEAR LINEAR LINEAR
LINEAR LINEAR LINEAR LINEAR LINEAR LINEAR LINEAR LINEAR LINEAR LINEAR LINEAR LINEAR
LINEAR LINEAR LINEAR LINEAR LINEAR LINEAR LINEAR LINEAR LINEAR LINEAR LINEAR LINEAR
LINEAR LINEAR LINEAR LINEAR LINEAR LINEAR LINEAR LINEAR LINEAR LINEAR LINEAR LINEAR
LINEAR LINEAR LINEAR LINEAR LINEAR LINEAR LINEAR LINEAR LINEAR LINEAR LINEAR LINEAR
LINEAR LINEAR LINEAR LINEAR LINEAR LINEAR LINEAR LINEAR LINEAR LINEAR LINEAR LINEAR
LINEAR LINEAR LINEAR LINEAR LINEAR LINEAR LINEAR LINEAR LINEAR LINEAR LINEAR LINEAR
LINEAR LINEAR LINEAR LINEAR LINEAR LINEAR LINEAR LINEAR LINEAR LINEAR LINEAR LINEAR
LINEAR LINEAR LINEAR LINEAR LINEAR LINEAR LINEAR LINEAR LINEAR LINEAR LINEAR LINEAR
LINEAR LINEAR LINEAR LINEAR LINEAR LINEAR LINEAR LINEAR LINEAR LINEAR LINEAR LINEAR
LINEAR LINEAR</Name_array><technique_common><accessor source="#root_jnt-Interpolations-array" count="121"><param type="name"/></accessor></technique_common></source><sampler id="root_jnt-Matrix-animation-transform"><input semantic="INPUT" source="#root_jnt-Matrix-animation-input"/><input semantic="OUTPUT" source="#root_jnt-Matrix-animation-output-transform"/><input semantic="INTERPOLATION" source="#root_jnt-Interpolations"/></sampler><channel source="#root_jnt-Matrix-animation-transform" target="root_jnt/matrix"/></animation></animation>
    <animation id="body_jnt-anim" name="body_jnt"><animation><source id="body_jnt-Matrix-animation-input"><float_array id="body_jnt-Matrix-animation-input-array" count="121">

0.000000 0.033333 0.066667 0.100000 0.133333 0.166667 0.200000 0.233333 0.266667 0.300000 0.333333 0.366667 0.400000 0.433333 0.466667 0.500000
0.533333 0.566667 0.600000 0.633333 0.666667 0.700000 0.733333 0.766667 0.800000 0.833333 0.866667 0.900000 0.933333 0.966667 1.000000 1.033333
1.066667 1.100000 1.133333 1.166667 1.200000 1.233333 1.266667 1.300000 1.333333 1.366667 1.400000 1.433333 1.466667 1.500000 1.533333 1.566667
1.600000 1.633333 1.666667 1.700000 1.733333 1.766667 1.800000 1.833333 1.866667 1.900000 1.933333 1.966667 2.000000 2.033333 2.066667 2.100000
2.133333 2.166667 2.200000 2.233333 2.266667 2.300000 2.333333 2.366667 2.400000 2.433333 2.466667 2.500000 2.533333 2.566667 2.600000 2.633333
2.666667 2.700000 2.733333 2.766667 2.800000 2.833333 2.866667 2.900000 2.933333 2.966667 3.000000 3.033333 3.066667 3.100000 3.133333 3.166667
3.200000 3.233333 3.266667 3.300000 3.333333 3.366667 3.400000 3.433333 3.466667 3.500000 3.533333 3.566667 3.600000 3.633333 3.666667 3.700000
3.733333 3.766667 3.800000 3.833333 3.866667 3.900000 3.933333 3.966667 4.000000</float_array><technique_common><accessor source="#body_jnt-Matrix-animation-input-array" count="121"><param name="TIME" type="float"/></accessor></technique_common></source><source id="body_jnt-Matrix-animation-output-transform"><float_array id="body_jnt-Matrix-animation-output-transform-array" count="1936">

1.000000 0.000000 0.000000 0.000000 0.000000 1.000000 0.000000 0.402044 0.000000 0.000000 1.000000 -0.650000 0.000000 0.000000 0.000000 1.000000
0.999999 0.000000 0.001230 0.000000 0.000000 1.000000 0.000000 0.399409 -0.001230 0.000000 0.999999 -0.650000 0.000000 0.000000 0.000000 1.000000
0.999988 0.000000 0.004812 0.000000 0.000000 1.000000 0.000000 0.391734 -0.004812 0.000000 0.999988 -0.650000 0.000000 0.000000 0.000000 1.000000
0.999944 0.000000 0.010583 0.000000 0.000000 1.000000 0.000000 0.379368 -0.010583 0.000000 0.999944 -0.650000 0.000000 0.000000 0.000000 1.000000
0.999831 0.000000 0.018381 0.000000 0.000000 1.000000 0.000000 0.362657 -0.018381 0.000000 0.999831 -0.650000 0.000000 0.000000 0.000000 1.000000
0.999607 0.000000 0.028043 0.000000 0.000000 1.000000 0.000000 0.341950 -0.028043 0.000000 0.999607 -0.650000 0.000000 0.000000 0.000000 1.000000
0.999223 0.000000 0.039403 0.000000 0.000000 1.000000 0.000000 0.317593 -0.039403 0.000000 0.999223 -0.650000 0.000000 0.000000 0.000000 1.000000
0.998632 0.000000 0.052298 0.000000 0.000000 1.000000 0.000000 0.289936 -0.052298 0.000000 0.998632 -0.650000 0.000000 0.000000 0.000000 1.000000
0.997782 0.000000 0.066559 0.000000 0.000000 1.000000 0.000000 0.259324 -0.066559 0.000000 0.997782 -0.650000 0.000000 0.000000 0.000000 1.000000
0.996631 0.000000 0.082020 0.000000 0.000000 1.000000 0.000000 0.226105 -0.082020 0.000000 0.996631 -0.650000 0.000000 0.000000 0.000000 1.000000
0.995136 0.000000 0.098509 0.000000 0.000000 1.000000 0.000000 0.190628 -0.098509 0.000000 0.995136 -0.650000 0.000000 0.000000 0.000000 1.000000
0.993266 0.000000 0.115858 0.000000 0.000000 1.000000 0.000000 0.153239 -0.115858 0.000000 0.993266 -0.650000 0.000000 0.000000 0.000000 1.000000
0.990996 0.000000 0.133895 0.000000 0.000000 1.000000 0.000000 0.114286 -0.133895 0.000000 0.990996 -0.650000 0.000000 0.000000 0.000000 1.000000
0.988311 0.000000 0.152449 0.000000 0.000000 1.000000 0.000000 0.074117 -0.152449 0.000000 0.988311 -0.650000 0.000000 0.000000 0.000000 1.000000
0.985210 0.000000 0.171348 0.000000 0.000000 1.000000 0.000000 0.033079 -0.171348 0.000000 0.985210 -0.650000 0.000000 0.000000 0.000000 1.000000
0.981702 0.000000 0.190424 0.000000 0.000000 1.000000 0.000000 -0.008481 -0.190424 0.000000 0.981702 -0.650000 0.000000 0.000000 0.000000 1.000000
0.977807 0.000000 0.209508 0.000000 0.000000 1.000000 0.000000 -0.050214 -0.209508 0.000000 0.977807 -0.650000 0.000000 0.000000 0.000000 1.000000
0.973560 0.000000 0.228432 0.000000 0.000000 1.000000 0.000000 -0.091773 -0.228432 0.000000 0.973560 -0.650000 0.000000 0.000000 0.000000 1.000000
0.969006 0.000000 0.247036 0.000000 0.000000 1.000000 0.000000 -0.132811 -0.247036 0.000000 0.969006 -0.650000 0.000000 0.000000 0.000000 1.000000
0.964205 0.000000 0.265157 0.000000 0.000000 1.000000 0.000000 -0.172980 -0.265157 0.000000 0.964205 -0.650000 0.000000 0.000000 0.000000 1.000000
0.959226 0.000000 0.282641 0.000000 0.000000 1.000000 0.000000 -0.211933 -0.282641 0.000000 0.959226 -0.650000 0.000000 0.000000 0.000000 1.000000
0.954148 0.000000 0.299335 0.000000 0.000000 1.000000 0.000000 -0.249322 -0.299335 0.000000 0.954148 -0.650000 0.000000 0.000000 0.000000 1.000000
0.949061 0.000000 0.315092 0.000000 0.000000 1.000000 0.000000 -0.284799 -0.315092 0.000000 0.949061 -0.650000 0.000000 0.000000 0.000000 1.000000
0.944062 0.000000 0.329767 0.000000 0.000000 1.000000 0.000000 -0.318018 -0.329767 0.000000 0.944062 -0.650000 0.000000 0.000000 0.000000 1.000000
0.939255 0.000000 0.343221 0.000000 0.000000 1.000000 0.000000 -0.348630 -0.343221 0.000000 0.939255 -0.650000 0.000000 0.000000 0.000000 1.000000
0.934746 0.000000 0.355316 0.000000 0.000000 1.000000 0.000000 -0.376288 -0.355316 0.000000 0.934746 -0.650000 0.000000 0.000000 0.000000 1.000000
0.930647 0.000000 0.365918 0.000000 0.000000 1.000000 0.000000 -0.400644 -0.365918 0.000000 0.930647 -0.650000 0.000000 0.000000 0.000000 1.000000
0.927067 0.000000 0.374895 0.000000 0.000000 1.000000 0.000000 -0.421351 -0.374895 0.000000 0.927067 -0.650000 0.000000 0.000000 0.000000 1.000000
0.924115 0.000000 0.382113 0.000000 0.000000 1.000000 0.000000 -0.438062 -0.382113 0.000000 0.924115 -0.650000 0.000000 0.000000 0.000000 1.000000
0.921895 0.000000 0.387440 0.000000 0.000000 1.000000 0.000000 -0.450428 -0.387440 0.000000 0.921895 -0.650000 0.000000 0.000000 0.000000 1.000000
0.920501 0.000000 0.390740 0.000000 0.000000 1.000000 0.000000 -0.458103 -0.390740 0.000000 0.920501 -0.650000 0.000000 0.000000 0.000000 1.000000
0.920020 0.000000 0.391872 0.000000 0.000000 1.000000 0.000000 -0.460738 -0.391872 0.000000 0.920020 -0.650000 0.000000 0.000000 0.000000 1.000000
0.920020 0.000000 0.391872 0.000000 0.000000 1.000000 0.000000 -0.460738 -0.391872 0.000000 0.920020 -0.650000 0.000000 0.000000 0.000000 1.000000
0.920020 0.000000 0.391872 0.000000 0.000000 1.000000 0.000000 -0.460738 -0.391872 0.000000 0.920020 -0.650000 0.000000 0.000000 0.000000 1.000000
0.920020 0.000000 0.391872 0.000000 0.000000 1.000000 0.000000 -0.460738 -0.391872 0.000000 0.920020 -0.650000 0.000000 0.000000 0.000000 1.000000
0.920020 0.000000 0.391872 0.000000 0.000000 1.000000 0.000000 -0.460738 -0.391872 0.000000 0.920020 -0.650000 0.000000 0.000000 0.000000 1.000000
0.920020 0.000000 0.391872 0.000000 0.000000 1.000000 0.000000 -0.460738 -0.391872 0.000000 0.920020 -0.650000 0.000000 0.000000 0.000000 1.000000
0.920020 0.000000 0.391872 0.000000 0.000000 1.000000 0.000000 -0.460738 -0.391872 0.000000 0.920020 -0.650000 0.000000 0.000000 0.000000 1.000000
0.920020 0.000000 0.391872 0.000000 0.000000 1.000000 0.000000 -0.460738 -0.391872 0.000000 0.920020 -0.650000 0.000000 0.000000 0.000000 1.000000
0.920020 0.000000 0.391872 0.000000 0.000000 1.000000 0.000000 -0.460738 -0.391872 0.000000 0.920020 -0.650000 0.000000 0.000000 0.000000 1.000000
0.920020 0.000000 0.391872 0.000000 0.000000 1.000000 0.000000 -0.460738 -0.391872 0.000000 0.920020 -0.650000 0.000000 0.000000 0.000000 1.000000
0.920020 0.000000 0.391872 0.000000 0.000000 1.000000 0.000000 -0.460738 -0.391872 0.000000 0.920020 -0.650000 0.000000 0.000000 0.000000 1.000000
0.920020 0.000000 0.391872 0.000000 0.000000 1.000000 0.000000 -0.460738 -0.391872 0.000000 0.920020 -0.650000 0.000000 0.000000 0.000000 1.000000
0.920990 0.000000 0.389586 0.000000 0.000000 1.000000 0.000000 -0.460738 -0.389586 0.000000 0.920990 -0.650000 0.000000 0.000000 0.000000 1.000000
0.923783 0.000000 0.382917 0.000000 0.000000 1.000000 0.000000 -0.460738 -0.382917 0.000000 0.923783 -0.650000 0.000000 0.000000 0.000000 1.000000
0.928181 0.000000 0.372129 0.000000 0.000000 1.000000 0.000000 -0.460738 -0.372129 0.000000 0.928181 -0.650000 0.000000 0.000000 0.000000 1.000000
0.933924 0.000000 0.357471 0.000000 0.000000 1.000000 0.000000 -0.460738 -0.357471 0.000000 0.933924 -0.650000 0.000000 0.000000 0.000000 1.000000
0.940720 0.000000 0.339185 0.000000 0.000000 1.000000 0.000000 -0.460738 -0.339185 0.000000 0.940720 -0.650000 0.000000 0.000000 0.000000 1.000000
0.948254 0.000000 0.317512 0.000000 0.000000 1.000000 0.000000 -0.460738 -0.317512 0.000000 0.948254 -0.650000 0.000000 0.000000 0.000000 1.000000
0.956205 0.000000 0.292698 0.000000 0.000000 1.000000 0.000000 -0.460738 -0.292698 0.000000 0.956205 -0.650000 0.000000 0.000000 0.000000 1.000000
0.964247 0.000000 0.265004 0.000000 0.000000 1.000000 0.000000 -0.460738 -0.265004 0.000000 0.964247 -0.650000 0.000000 0.000000 0.000000 1.000000
0.972067 0.000000 0.234703 0.000000 0.000000 1.000000 0.000000 -0.460738 -0.234703 0.000000 0.972067 -0.650000 0.000000 0.000000 0.000000 1.000000
0.979367 0.000000 0.202088 0.000000 0.000000 1.000000 0.000000 -0.460738 -0.202088 0.000000 0.979367 -0.650000 0.000000 0.000000 0.000000 1.000000
0.985877 0.000000 0.167472 0.000000 0.000000 1.000000 0.000000 -0.460738 -0.167472 0.000000 0.985877 -0.650000 0.000000 0.000000 0.000000 1.000000
0.991357 0.000000 0.131189 0.000000 0.000000 1.000000 0.000000 -0.460738 -0.131189 0.000000 0.991357 -0.650000 0.000000 0.000000 0.000000 1.000000
0.995611 0.000000 0.093587 0.000000 0.000000 1.000000 0.000000 -0.460738 -0.093587 0.000000 0.995611 -0.650000 0.000000 0.000000 0.000000 1.000000
0.998484 0.000000 0.055034 0.000000 0.000000 1.000000 0.000000 -0.460738 -0.055034 0.000000 0.998484 -0.650000 0.000000 0.000000 0.000000 1.000000
0.999873 0.000000 0.015909 0.000000 0.000000 1.000000 0.000000 -0.460738 -0.015909 0.000000 0.999873 -0.650000 0.000000 0.000000 0.000000 1.000000
0.999726 0.000000 -0.023405 0.000000 0.000000 1.000000 0.000000 -0.460738 0.023405 0.000000 0.999726 -0.650000 0.000000 0.000000 0.000000 1.000000
0.998044 0.000000 -0.062520 0.000000 0.000000 1.000000 0.000000 -0.460738 0.062520 0.000000 0.998044 -0.650000 0.000000 0.000000 0.000000 1.000000
0.994881 0.000000 -0.101050 0.000000 0.000000 1.000000 0.000000 -0.460738 0.101050 0.000000 0.994881 -0.650000 0.000000 0.000000 0.000000 1.000000
0.990346 0.000000 -0.138618 0.000000 0.000000 1.000000 0.000000 -0.460738 0.138618 0.000000 0.990346 -0.650000 0.000000 0.000000 0.000000 1.000000
0.984593 0.000000 -0.174860 0.000000 0.000000 1.000000 0.000000 -0.460738 0.174860 0.000000 0.984593 -0.650000 0.000000 0.000000 0.000000 1.000000
0.977825 0.000000 -0.209426 0.000000 0.000000 1.000000 0.000000 -0.460738 0.209426 0.000000 0.977825 -0.650000 0.000000 0.000000 0.000000 1.000000
0.970280 0.000000 -0.241985 0.000000 0.000000 1.000000 0.000000 -0.460738 0.241985 0.000000 0.970280 -0.650000 0.000000 0.000000 0.000000 1.000000
0.962233 0.000000 -0.272227 0.000000 0.000000 1.000000 0.000000 -0.460738 0.272227 0.000000 0.962233 -0.650000 0.000000 0.000000 0.000000 1.000000
0.953983 0.000000 -0.299860 0.000000 0.000000 1.000000 0.000000 -0.460738 0.299860 0.000000 0.953983 -0.650000 0.000000 0.000000 0.000000 1.000000
0.945847 0.000000 -0.324613 0.000000 0.000000 1.000000 0.000000 -0.460738 0.324613 0.000000 0.945847 -0.650000 0.000000 0.000000 0.000000 1.000000
0.938150 0.000000 -0.346229 0.000000 0.000000 1.000000 0.000000 -0.460738 0.346229 0.000000 0.938150 -0.650000 0.000000 0.000000 0.000000 1.000000
0.931218 0.000000 -0.364464 0.000000 0.000000 1.000000 0.000000 -0.460738 0.364464 0.000000 0.931218 -0.650000 0.000000 0.000000 0.000000 1.000000
0.925365 0.000000 -0.379078 0.000000 0.000000 1.000000 0.000000 -0.460738 0.379078 0.000000 0.925365 -0.650000 0.000000 0.000000 0.000000 1.000000
0.920885 0.000000 -0.389833 0.000000 0.000000 1.000000 0.000000 -0.460738 0.389833 0.000000 0.920885 -0.650000 0.000000 0.000000 0.000000 1.000000
0.918043 0.000000 -0.396481 0.000000 0.000000 1.000000 0.000000 -0.460738 0.396481 0.000000 0.918043 -0.650000 0.000000 0.000000 0.000000 1.000000
0.917055 0.000000 -0.398760 0.000000 0.000000 1.000000 0.000000 -0.460738 0.398760 0.000000 0.917055 -0.650000 0.000000 0.000000 0.000000 1.000000
0.917055 0.000000 -0.398760 0.000000 0.000000 1.000000 0.000000 -0.460738 0.398760 0.000000 0.917055 -0.650000 0.000000 0.000000 0.000000 1.000000
0.917055 0.000000 -0.398760 0.000000 0.000000 1.000000 0.000000 -0.460738 0.398760 0.000000 0.917055 -0.650000 0.000000 0.000000 0.000000 1.000000
0.917055 0.000000 -0.398760 0.000000 0.000000 1.000000 0.000000 -0.460738 0.398760 0.000000 0.917055 -0.650000 0.000000 0.000000 0.000000 1.000000
0.917055 0.000000 -0.398760 0.000000 0.000000 1.000000 0.000000 -0.460738 0.398760 0.000000 0.917055 -0.650000 0.000000 0.000000 0.000000 1.000000
0.917055 0.000000 -0.398760 0.000000 0.000000 1.000000 0.000000 -0.460738 0.398760 0.000000 0.917055 -0.650000 0.000000 0.000000 0.000000 1.000000
0.917055 0.000000 -0.398760 0.000000 0.000000 1.000000 0.000000 -0.460738 0.398760 0.000000 0.917055 -0.650000 0.000000 0.000000 0.000000 1.000000
0.917055 0.000000 -0.398760 0.000000 0.000000 1.000000 0.000000 -0.460738 0.398760 0.000000 0.917055 -0.650000 0.000000 0.000000 0.000000 1.000000
0.917055 0.000000 -0.398760 0.000000 0.000000 1.000000 0.000000 -0.460738 0.398760 0.000000 0.917055 -0.650000 0.000000 0.000000 0.000000 1.000000
0.917055 0.000000 -0.398760 0.000000 0.000000 1.000000 0.000000 -0.460738 0.398760 0.000000 0.917055 -0.650000 0.000000 0.000000 0.000000 1.000000
0.917055 0.000000 -0.398760 0.000000 0.000000 1.000000 0.000000 -0.460738 0.398760 0.000000 0.917055 -0.650000 0.000000 0.000000 0.000000 1.000000
0.917055 0.000000 -0.398760 0.000000 0.000000 1.000000 0.000000 -0.460738 0.398760 0.000000 0.917055 -0.650000 0.000000 0.000000 0.000000 1.000000
0.917055 0.000000 -0.398760 0.000000 0.000000 1.000000 0.000000 -0.460738 0.398760 0.000000 0.917055 -0.650000 0.000000 0.000000 0.000000 1.000000
0.917055 0.000000 -0.398760 0.000000 0.000000 1.000000 0.000000 -0.460738 0.398760 0.000000 0.917055 -0.650000 0.000000 0.000000 0.000000 1.000000
0.917055 0.000000 -0.398760 0.000000 0.000000 1.000000 0.000000 -0.460738 0.398760 0.000000 0.917055 -0.650000 0.000000 0.000000 0.000000 1.000000
0.917055 0.000000 -0.398760 0.000000 0.000000 1.000000 0.000000 -0.460738 0.398760 0.000000 0.917055 -0.650000 0.000000 0.000000 0.000000 1.000000
0.917055 0.000000 -0.398760 0.000000 0.000000 1.000000 0.000000 -0.460738 0.398760 0.000000 0.917055 -0.650000 0.000000 0.000000 0.000000 1.000000
0.917055 0.000000 -0.398760 0.000000 0.000000 1.000000 0.000000 -0.460738 0.398760 0.000000 0.917055 -0.650000 0.000000 0.000000 0.000000 1.000000
0.917055 0.000000 -0.398760 0.000000 0.000000 1.000000 0.000000 -0.460738 0.398760 0.000000 0.917055 -0.650000 0.000000 0.000000 0.000000 1.000000
0.917055 0.000000 -0.398760 0.000000 0.000000 1.000000 0.000000 -0.460738 0.398760 0.000000 0.917055 -0.650000 0.000000 0.000000 0.000000 1.000000
0.917055 0.000000 -0.398760 0.000000 0.000000 1.000000 0.000000 -0.460738 0.398760 0.000000 0.917055 -0.650000 0.000000 0.000000 0.000000 1.000000
0.917055 0.000000 -0.398760 0.000000 0.000000 1.000000 0.000000 -0.460738 0.398760 0.000000 0.917055 -0.650000 0.000000 0.000000 0.000000 1.000000
0.917055 0.000000 -0.398760 0.000000 0.000000 1.000000 0.000000 -0.460738 0.398760 0.000000 0.917055 -0.650000 0.000000 0.000000 0.000000 1.000000
0.917055 0.000000 -0.398760 0.000000 0.000000 1.000000 0.000000 -0.460738 0.398760 0.000000 0.917055 -0.650000 0.000000 0.000000 0.000000 1.000000
0.917055 0.000000 -0.398760 0.000000 0.000000 1.000000 0.000000 -0.460738 0.398760 0.000000 0.917055 -0.650000 0.000000 0.000000 0.000000 1.000000
0.917055 0.000000 -0.398760 0.000000 0.000000 1.000000 0.000000 -0.460738 0.398760 0.000000 0.917055 -0.650000 0.000000 0.000000 0.000000 1.000000
0.917055 0.000000 -0.398760 0.000000 0.000000 1.000000 0.000000 -0.460738 0.398760 0.000000 0.917055 -0.650000 0.000000 0.000000 0.000000 1.000000
0.917055 0.000000 -0.398760 0.000000 0.000000 1.000000 0.000000 -0.460738 0.398760 0.000000 0.917055 -0.650000 0.000000 0.000000 0.000000 1.000000
0.919439 0.000000 -0.393232 0.000000 0.000000 1.000000 0.000000 -0.460697 0.393232 0.000000 0.919439 -0.650000 0.000000 0.000000 0.000000 1.000000
0.925969 0.000000 -0.377600 0.000000 0.000000 1.000000 0.000000 -0.460408 0.377600 0.000000 0.925969 -0.650000 0.000000 0.000000 0.000000 1.000000
0.935536 0.000000 -0.353231 0.000000 0.000000 1.000000 0.000000 -0.459622 0.353231 0.000000 0.935536 -0.650000 0.000000 0.000000 0.000000 1.000000
0.946920 0.000000 -0.321471 0.000000 0.000000 1.000000 0.000000 -0.458093 0.321471 0.000000 0.946920 -0.650000 0.000000 0.000000 0.000000 1.000000
0.958910 0.000000 -0.283710 0.000000 0.000000 1.000000 0.000000 -0.455572 0.283710 0.000000 0.958910 -0.650000 0.000000 0.000000 0.000000 1.000000
0.970418 0.000000 -0.241431 0.000000 0.000000 1.000000 0.000000 -0.451810 0.241431 0.000000 0.970418 -0.650000 0.000000 0.000000 0.000000 1.000000
0.980560 0.000000 -0.196218 0.000000 0.000000 1.000000 0.000000 -0.446561 0.196218 0.000000 0.980560 -0.650000 0.000000 0.000000 0.000000 1.000000
0.988723 0.000000 -0.149753 0.000000 0.000000 1.000000 0.000000 -0.439576 0.149753 0.000000 0.988723 -0.650000 0.000000 0.000000 0.000000 1.000000
0.994599 0.000000 -0.103790 0.000000 0.000000 1.000000 0.000000 -0.430606 0.103790 0.000000 0.994599 -0.650000 0.000000 0.000000 0.000000 1.000000
0.998191 0.000000 -0.060120 0.000000 0.000000 1.000000 0.000000 -0.419405 0.060120 0.000000 0.998191 -0.650000 0.000000 0.000000 0.000000 1.000000
0.999789 0.000000 -0.020534 0.000000 0.000000 1.000000 0.000000 -0.300056 0.020534 0.000000 0.999789 -0.650000 0.000000 0.000000 0.000000 1.000000
0.999913 0.000000 0.013204 0.000000 0.000000 1.000000 0.000000 -0.033388 -0.013204 0.000000 0.999913 -0.650000 0.000000 0.000000 0.000000 1.000000
0.999225 0.000000 0.039375 0.000000 0.000000 1.000000 0.000000 0.280733 -0.039375 0.000000 0.999225 -0.650000 0.000000 0.000000 0.000000 1.000000
0.998414 0.000000 0.056296 0.000000 0.000000 1.000000 0.000000 0.542441 -0.056296 0.000000 0.998414 -0.650000 0.000000 0.000000 0.000000 1.000000
0.998057 0.000000 0.062305 0.000000 0.000000 1.000000 0.000000 0.651869 -0.062305 0.000000 0.998057 -0.650000 0.000000 0.000000 0.000000 1.000000
0.998440 0.000000 0.055833 0.000000 0.000000 1.000000 0.000000 0.625887 -0.055833 0.000000 0.998440 -0.650000 0.000000 0.000000 0.000000 1.000000
